version: 1
creator: callgrind-3.10.0.SVN
pid: 1027
cmd:  ./zookld
part: 1


desc: I1 cache: 
desc: D1 cache: 
desc: LL cache: 

desc: Timerange: Basic block 0 - 118004
desc: Trigger: Program termination

positions: line
events: Ir
summary: 565629


ob=(1) /lib/i386-linux-gnu/ld-2.19.so
fl=(77) /build/buildd/eglibc-2.19/elf/dl-open.c
fn=(406) _dl_find_dso_for_object
178 6
cfi=(3) /build/buildd/eglibc-2.19/elf/../sysdeps/i386/dl-tlsdesc.S
cfn=(4) 0x000187a8
calls=1 -48 
* 2
* 2
+4 6
+1 4
+1 14
+1 2
-2 9
+5 3
+4 6

fl=(19) /build/buildd/eglibc-2.19/string/../sysdeps/i386/i686/multiarch/../strcmp.S
fn=(54) strcmp
30 837
+1 837
+2 837
+1 837
+1 837
-2 4206
+1 4206
+1 4206
+1 4568
+1 4568
+1 4568
+1 4568
+2 362
+3 362
+2 475
+1 475
+1 475
+2 475

fl=(9) /build/buildd/eglibc-2.19/elf/../sysdeps/unix/sysv/linux/dl-sysdep.c
fn=(60) _dl_discover_osversion
45 5
cfi=(3)
cfn=(4)
calls=1 +85 
* 2
* 2
+2 4
+40 3
cfi=(21) /build/buildd/eglibc-2.19/posix/../sysdeps/unix/syscall-template.S
cfn=(62) uname
calls=1 -6 
* 8
* 2
+15 1
-15 1
+20 1
-1 1
+3 12
+2 3
+2 3
-2 3
+2 10
+3 1
-1 1
+1 1
-3 4
+7 3
-1 3
+2 3
+2 13
+8 1
+1 6
-4 2

fl=(3)
fn=(4)
130 2842

fl=(27) /build/buildd/eglibc-2.19/string/../sysdeps/i386/i686/multiarch/../../i586/strchr.S
fn=(76) index
45 14
+2 14
+3 14
+2 14
+3 14
+1 14
+2 14
+2 14
+6 14
+1 14
+2 14
+1 14
+2 14
+1 14
+2 14
+2 11
+1 11
+2 7
+1 7
+2 7
+1 7
+2 7
+1 7
+2 7
+1 7
+2 7
+1 7
+2 7
+1 7
+2 7
+2 10
+2 10
+1 10
+2 10
+1 10
+2 10
+10 10
+1 10
+2 10
+1 10
+25 10
+1 10
+2 10
+1 10
-33 4
+1 4
+2 4
+1 4
+25 4
+1 4
+2 4
+1 4
-4 2
+1 2
+2 2
+1 2
+2 16
+1 16
+2 16
+1 16
+2 16
+1 16
+2 16
+1 16
+2 16
+1 16
+2 16
+1 16
+2 16
+1 16
+2 16
+1 16
+2 15
+1 15
+2 15
+1 15
+2 14
+1 14
+2 14
+1 14
+2 11
+1 11
+2 11
+1 11
+2 11
+1 11
+2 11
+1 11
+2 11
+1 11
+2 11
+1 11
+2 11
+1 11
+2 11
+1 11
+2 11
+1 11
+2 11
+1 11
+2 8
+1 8
+2 8
+1 8
+2 8
+1 8
+2 8
+1 8
+2 8
+1 8
+2 8
+1 8
+2 8
+1 8
+2 8
+1 8
+2 4
+1 4
+2 4
+1 4
+2 2
+1 2
+2 2
+1 2
+2 2
+1 2
+2 2
+1 2
+2 2
+1 2
+2 2
+2 2
+4 1
+1 1
+2 1
+15 14
+3 14
+4 14
+3 14
+4 14
+9 13
+1 13
+2 13
+2 13
+1 13
+2 12
+2 12
+1 12
+2 12
+1 12
+2 8
+1 8
+2 8
+1 8
+2 8
+1 8
+2 3
+3 3
+1 3
+2 13
+1 13

fl=(32) /build/buildd/eglibc-2.19/io/../sysdeps/unix/sysv/linux/fxstat64.c
fn=(116) __fxstat64
33 5
+2 5
-2 5
cfi=(3)
cfn=(4)
calls=5 +97 
* 10
* 5
+2 35
+6 10

fl=(12) /build/buildd/eglibc-2.19/elf/../misc/sbrk.c
fn=(24) sbrk
34 4
cfi=(3)
cfn=(4)
calls=1 +96 
* 2
* 3
+8 6
+4 2
+11 6

fl=(31) /build/buildd/eglibc-2.19/elf/dl-misc.c
fn=(106) _dl_name_match_p
288 1392
cfi=(3)
cfn=(4)
calls=232 130 
* 464
* 464
+1 928
cfi=(19)
cfn=(54)
calls=232 30 
* 2095
* 464
+3 232
+2 464
+4 231
-4 462
+1 968
cfi=(19)
cfn=(54)
calls=242 30 
* 4692
* 484
+6 11
-11 11
+11 265
-1 221
+1 884

fn=(134) _dl_sysdep_read_whole_file
45 7
cfi=(3)
cfn=(4)
calls=1 +85 
* 2
* 2
+7 3
cfi=(24) /build/buildd/eglibc-2.19/io/../sysdeps/unix/syscall-template.S
cfn=(110) open
calls=1 +29 
* 10
+1 1
-1 1
+1 1
+2 5
cfi=(32)
cfn=(116)
calls=1 -22 
* 15
* 2
+2 1
+3 1
-3 1
+3 1
+13 2
cfi=(24)
cfn=(122) close
calls=1 +8 
* 8
+3 7
-14 7
cfi=(26) /build/buildd/eglibc-2.19/misc/../sysdeps/unix/sysv/linux/i386/mmap.S
cfn=(74) mmap
calls=1 -33 
* 30
* 2

fl=(7) /build/buildd/eglibc-2.19/elf/dl-lookup.c
fn=(176) check_match.9376
131 1904
+1 272
+2 272
-3 272
cfi=(3)
cfn=(4)
calls=272 -1 
* 544
* 272
+1 272
+2 544
+2 816
-2 544
+12 816
+3 916
cfi=(19)
cfn=(54)
calls=62 30 
* 4847
* 124
+5 272
-1 272
+1 272
-1 272
+1 272
+2 538
+19 538
+1 1883
+3 270
+43 1632
-18 6
+2 6
+1 3
-1 3
+1 3
-1 3
+1 6
-1 6
+4 4
+1 10
-34 1614
cfi=(19)
cfn=(54)
calls=269 30 
* 24162
* 807
+36 4

fn=(174) do_lookup_x
82 1740
-5 580
+5 870
cfi=(3)
cfn=(4)
calls=290 +48 
* 580
* 580
-5 2030
+11 290
+1 290
-1 290
229 870
114 1160
-16 290
-3 290
+1 290
+2 580
+3 290
-3 290
+3 290
-3 785
-3 785
+1 785
+2 1570
+3 785
-3 785
+3 785
+4 2150
+4 2150
+4 2150
+6 4300
+4 1075
225 1075
123 1075
226 1075
123 1075
+1 3225
226 1075
+4 2150
+3 2150
-5 1075
+5 3225
+4 2150
-1 2150
+1 1075
-1 2150
+21 805
+24 1610
461 6885
+1 344
cfi=(31)
cfn=(106)
calls=172 288 
* 10225
* 516
+3 2409
+4 18
-1 18
+1 90
281 2
+2 4
+3 2368
+17 816
+1 816
+1 272
469 1632
290 60
-50 867
-1 578
+2 578
+2 289
+6 289
-6 289
+6 867
+4 822
-7 2720
+2 1088
+1 272
-1 544
+1 816
cfn=(176)
calls=272 131 
* 45273
+1 548
+22 578

fn=(172) _dl_lookup_symbol_x
714 870
475 290
714 1450
476 580
714 290
cfi=(3)
cfn=(4)
calls=290 130 
* 580
* 580
476 870
+1 290
-1 290
+1 870
-1 870
+1 3869
-1 3869
+1 11607
-1 11607
724 290
-4 290
-4 290
+8 290
-7 580
+7 828
+5 290
+2 290
-2 290
+2 290
-2 290
+6 290
-7 290
+7 290
-7 2900
+15 18
-8 72
+2 6090
cfn=(174)
calls=290 82 
* 139738
+3 580
+26 1160
+22 544
+1 1904
+26 272
+9 1360
+14 816
+3 1088
+5 544
+2 1740
-80 144
+16 36
+1 36
+54 2

fn=(12) _dl_setup_hash
859 18
-3 30
+7 6
-7 6
cfi=(3)
cfn=(4)
calls=6 130 
* 12
* 6
+11 12
+2 6
-1 6
+3 18
+1 6
+1 12
+7 6
-5 6
-2 6
+3 6
+2 6
+1 6
+1 12
+14 36

fl=(15) /build/buildd/eglibc-2.19/elf/dl-object.c
fn=(32) _dl_new_object
61 25
cfi=(3)
cfn=(4)
calls=5 +69 
* 10
* 10
+1 5
-1 20
+1 5
cfi=(11) /build/buildd/eglibc-2.19/string/../sysdeps/i386/i686/multiarch/../../i586/strlen.S
cfn=(22) strlen
calls=5 -19 
* 284
+6 5
-6 10
+6 5
-6 5
+6 5
+7 30
cfi=(17) /build/buildd/eglibc-2.19/elf/dl-minimal.c
cfn=(36) calloc
calls=5 +27 
* 410
* 5
+3 5
-3 5
+3 5
+4 5
-1 5
+1 10
+4 10
+1 40
cfi=(18) /build/buildd/eglibc-2.19/string/../sysdeps/i386/i686/multiarch/../memcpy.S
cfn=(46) memcpy
calls=5 -47 
* 133
* 5
+2 5
-2 5
+10 20
+1 5
-1 5
+1 20
+3 5
-3 5
+3 5
+6 5
-4 5
+4 5
+3 16
+2 1
-2 3
+2 15
-2 45
+12 5
+4 5
-4 5
+6 5
-5 5
+5 15
+2 12
+3 11
+5 1
-1 19
+4 8
+2 1
+6 1
+3 2
+3 6
-3 8
+3 24
+2 12
cfi=(11)
cfn=(22)
calls=4 43 
* 390
+4 4
-4 12
+4 16
+64 8
+4 30
68 50
+73 12
-39 12
+39 2
+70 24
cfi=(25) /build/buildd/eglibc-2.19/string/../sysdeps/i386/i686/multiarch/../mempcpy.S
cfn=(72) mempcpy
calls=4 40 
* 96
* 4
+5 68
+1 68
-1 68
+1 72
-1 4
+1 12
+5 8
-57 8
cfi=(17)
cfn=(40) malloc
calls=4 -72 
* 196
* 4
+1 4
-1 4
+1 12

fn=(48) _dl_add_to_namespace_list
32 30
cfi=(3)
cfn=(4)
calls=5 +98 
* 10
* 15
+2 15
cfi=(2) /build/buildd/eglibc-2.19/elf/rtld.c
cfn=(50) rtld_lock_default_lock_recursive
calls=5 837 
* 15
+2 31
+4 10
-1 42
+2 4
+2 4
+5 4
-1 4
+1 4
-1 4
+1 4
+1 4
-1 4
+1 12
+2 8
cfi=(2)
cfn=(52) rtld_lock_default_unlock_recursive
calls=4 843 
* 12
-3 1
-1 1
+1 1
-1 1
+1 1
+1 1
-1 1
+1 3
+2 2
cfi=(2)
cfn=(52)
calls=1 843 
* 3
+1 30
-6 2

fl=(28) /build/buildd/eglibc-2.19/elf/dl-debug.c
fn=(90) _dl_debug_initialize
47 18
cfi=(3)
cfn=(4)
calls=6 +83 
* 12
* 6
+3 12
+5 10
+5 1
-1 1
+1 2
+1 2
+4 12
-14 6
+4 12
+4 1
-1 1
-58 1

fn=(92) _dl_debug_state
74 2

fl=(30) /build/buildd/eglibc-2.19/setjmp/../sysdeps/i386/setjmp.S
fn=(100) __sigsetjmp
30 8
+3 8
+1 8
+1 8
+1 8
+4 8
+1 8
+5 8
+1 8
+4 8
+1 8

fl=(65) /build/buildd/eglibc-2.19/elf/dl-runtime.c
fn=(294) _dl_fixup
66 273
+3 39
-3 39
cfi=(3)
cfn=(4)
calls=39 +64 
* 78
* 39
+3 78
+3 78
+1 390
+1 117
+5 39
-5 39
+5 39
+4 117
+4 117
+4 114
+1 114
+2 152
+7 117
-1 39
+11 546
cfi=(7)
cfn=(172)
calls=39 714 
* 34031
* 78
+4 117
+10 273
+16 156
+4 117
fi=(6) /build/buildd/eglibc-2.19/elf/../sysdeps/i386/dl-machine.h
274 78
fe=(65)
149 273
-64 2
fi=(88) /build/buildd/eglibc-2.19/elf/../sysdeps/i386/dl-irel.h
-53 7
cob=(3) /lib/i386-linux-gnu/libc-2.19.so
cfi=(140) /build/buildd/eglibc-2.19/string/../sysdeps/i386/i686/multiarch/strcpy.S
cfn=(1356) strncpy
calls=1 +36 
* 18
cob=(3)
cfi=(138) /build/buildd/eglibc-2.19/string/../sysdeps/i386/i686/multiarch/strchr.S
cfn=(1346) index
calls=1 -4 
* 15
cob=(3)
cfi=(49) /build/buildd/eglibc-2.19/string/../sysdeps/i386/i686/multiarch/strcmp.S
cfn=(194) strcmp
calls=1 +26 
* 15
cob=(3)
cfi=(93) /build/buildd/eglibc-2.19/string/../sysdeps/i386/i686/multiarch/memset.S
cfn=(726) memset
calls=1 -2 
* 15
cob=(3)
cfi=(91) /build/buildd/eglibc-2.19/string/../sysdeps/i386/i686/multiarch/memcpy.S
cfn=(696) memcpy
calls=1 -1 
* 15
cob=(3)
cfi=(89) /build/buildd/eglibc-2.19/string/../sysdeps/i386/i686/multiarch/strlen.S
cfn=(652) strlen
calls=2 -1 
* 30
* 14
fe=(65)

fl=(13) /build/buildd/eglibc-2.19/elf/dl-environ.c
fn=(28) _dl_next_ld_env_entry
30 3
+3 9
+2 50
+11 23
-13 69
-2 1
+19 6
-14 18
+5 2
-3 2
+3 2
+2 2

fl=(24)
fn=(110)
81 342
+1 38
cfi=(22) /build/buildd/eglibc-2.19/elf/dl-load.c
cfn=(70) 0x000187a4
calls=33 1512 
* 66
* 165

fn=(68) access
81 16
+1 2
cfi=(22)
cfn=(70)
calls=2 1512 
* 4
* 10

fn=(122)
81 35
+1 5

fn=(112) read
81 36
+1 4

fl=(38) /build/buildd/eglibc-2.19/misc/../sysdeps/unix/syscall-template.S
fn=(138) mprotect
81 63
+1 7

fl=(40) /build/buildd/eglibc-2.19/elf/dl-version.c
fn=(148) _dl_check_all_versions
380 7
cfi=(3)
cfn=(4)
calls=1 130 
* 2
* 1
+4 1
-4 1
+4 2
-2 2
+4 42
cfn=(150) _dl_check_map_versions
calls=6 174 
* 9703
-2 6
+2 18
-1 6
-1 12
+5 7

fn=(150)
174 48
+15 12
-15 6
cfi=(3)
cfn=(4)
calls=6 -44 
* 12
* 12
+15 12
+2 12
+2 24
+1 12
+2 6
-2 6
+2 6
+3 8
+4 4
-4 4
+4 12
+34 4
-34 8
+34 8
-17 8
56 4
220 4
56 20
220 6
56 3
220 3
56 15
+1 25
-1 50
+2 96
cfi=(31)
cfn=(106)
calls=32 288 
* 2428
* 71
228 21
+5 28
+19 13
-15 336
cfn=(152) match_symbol
calls=3 76 
* 423
* 136
cfn=(152)
calls=17 76 
* 3199
* 40
+7 20
-7 20
+7 80
+3 60
+9 28
+5 3
+1 3
-79 2
-8 2
+95 18
+3 16
+3 24
+3 16
+4 4
-7 16
+3 12
+4 41
-7 164
+3 127
+8 4
+86 4
-86 10
+86 2
-86 4
+87 6
-81 35
cfi=(17)
cfn=(36)
calls=5 102 
* 365
* 5
* 5
-1 5
+2 5
-2 5
+2 5
+8 5
+3 20
+2 15
+3 20
+4 28
+18 13
-15 13
+2 52
-2 7
+2 28
+2 40
+1 20
-1 20
+1 40
+1 20
-2 20
+3 20
-1 40
+1 60
+3 67
+8 21
+5 3
+1 7
+4 15
+3 24
+20 45
-14 45
-2 45
+2 49
-2 4
+2 4
+4 45
+1 225
+1 45
+1 45
-1 90
+4 147
+9 5
+1 30

fn=(152)
76 140
cfi=(3)
cfn=(4)
calls=20 +54 
* 40
* 60
+1 40
+8 20
-8 20
+8 20
+6 80
+15 20
+1 40
+2 40
+5 40
+14 302
+12 393
+4 131
-30 262
+19 160
cfi=(19)
cfn=(54)
calls=20 30 
* 1634
* 60
+35 120

fl=(14) /build/buildd/eglibc-2.19/string/../sysdeps/i386/i686/multiarch/../memcmp.S
fn=(30) bcmp
46 17
+2 17
+1 17
+1 17
+2 17
+1 17
+18 17
+2 17
+2 17
+2 17
+1 34
cfi=(3)
cfn=(4)
calls=17 +52 
* 34
* 34
+3 17
+1 17
+1 17
+19 6
+1 6
+1 6
+1 6
+2 7
+1 7
+1 7
+1 7
+2 7
+1 7
+1 7
+1 7
+2 7
+1 7
+1 7
+1 7
+2 7
+3 7
+1 14
261 6
+1 6
+1 6
+1 6
+2 5
+1 5
+1 5
+1 5
+1 5
+1 5
+1 5
+1 5
+1 5
+1 5
+3 5
+1 10
+70 5
+1 5
+11 5
+1 5
+1 5
+3 10

fl=(23) /build/buildd/eglibc-2.19/elf/dl-hwcaps.c
fn=(66) _dl_important_hwcaps
39 7
cfi=(3)
cfn=(4)
calls=1 +91 
* 2
* 5
+2 5
+1 1
-1 1
+1 1
+9 1
-9 3
+9 8
+1 7
-1 1
+1 1
+1 1
-2 1
+2 1
-2 6
+1 182
-1 26
+1 26
+1 26
-2 26
+2 26
-2 480
+10 4
+31 2
+23 5
cfi=(24)
cfn=(68)
calls=1 -34 
* 16
* 3
-2 3
+17 5
+3 1
-3 1
+3 1
+29 3
+3 2
-3 1
+3 4
-2 270
+2 16
+1 4
cfi=(11)
cfn=(22)
calls=2 43 
* 50
+1 2
-1 4
+1 10
+1 2
-1 12
-5 112
+8 2
+2 3
+1 6
+4 1
+4 1
-4 2
+1 1
+3 1
+3 1
+1 1
-1 1
+4 2
+1 1
-1 6
+1 1
+2 1
+1 6
+1 2
-1 3
+1 2
-1 3
+2 2
+1 2
+2 2
-1 1
+1 1
-1 2
+5 4
+6 6
+1 3
-1 1
+1 1
cfi=(17)
cfn=(40)
calls=1 93 
* 49
* 1
+1 1
-1 1
+1 1
+29 3
+3 1
-3 2
+3 2
+7 12
+6 1
-3 1
+3 1
-3 1
+3 4
cfi=(25)
cfn=(72)
calls=1 40 
* 16
* 3
-3 3
+3 3
-3 3
+3 12
cfi=(25)
cfn=(72)
calls=3 40 
* 48
+3 4
-3 4
+3 4
-3 8
+3 20
+1 40
+1 36
cfi=(25)
cfn=(72)
calls=4 40 
* 60
* 12
-2 4
+2 4
-2 4
+5 32
cfi=(25)
cfn=(72)
calls=4 40 
* 60
+2 4
-2 8
+2 8
+5 10
+1 2
-1 2
+1 30
-1 33
+8 1
-3 3
+3 1
-3 1
+3 6
-3 9
+3 3
-3 3
+3 13
+1 96
+1 32
-1 32
+1 64
-2 32
+1 64
-1 96
+4 8
+3 1
+2 2
-2 1
+1 1
+1 1
-1 1
+1 2
-1 1
+1 2
+3 3
+3 3
-3 6
-3 6
+2 30
+3 3
+1 3
-1 3
-5 15
+13 1
+1 1
-1 2
+3 2
-3 7
+1 7
-1 14
+3 14
+3 4
+3 1
-1 1
+1 5
145 2
-14 2

fl=(1) ???
fn=(0) 0x000010d0
0 2
cfi=(2)
cfn=(2) _dl_start
calls=1 362 
0 354080
0 2
cfn=(204) 0x000010c0
calls=1 0 
0 2
0 17
cfi=(50) /build/buildd/eglibc-2.19/elf/dl-init.c
cfn=(208) _dl_init
calls=1 86 
0 5554
0 3
cob=(7) /home/httpd/lab/zookld
cfi=(68) ???
cfn=(336) 0x08048fa0
calls=1 0 
0 205969

fn=(204)
0 2

fn=(422) _dl_sysinfo_int80
0 140

fl=(18)
fn=(46)
40 21
+1 21
+1 21
+1 21
+2 21
+1 21
+1 21
+1 21
+1 21
+1 21
+2 15
+1 15
+2 15
+1 15
+11 15
+1 15
+1 15
+1 15
+1 87
+2 15
+1 30
+2 15
+2 15
+1 15
+1 15
+2 15
-4 6
+1 6
+1 6
+2 6
+6 6
+1 6
+1 4
+1 4
+1 4
-1 2
+1 2
+1 5
+1 28
+2 6

fl=(26)
fn=(74)
29 14
+2 14
+2 14
+2 14
+3 14
+2 14
+1 14
+1 14
+2 14
+2 14
+2 14
+1 14
+1 14
+1 14
+2 14
+3 14
+3 14
+3 14
+3 14
+3 14
+5 14
+1 14
+3 14
cfi=(22)
cfn=(70)
calls=1 1512 
* 2
* 5

fl=(36) /build/buildd/eglibc-2.19/elf/dl-cache.c
fn=(200) _dl_unload_cache
308 2
cfi=(3)
cfn=(4)
calls=1 130 
* 2
* 2
+1 4
+5 3

fn=(132) _dl_load_cache_lookup
182 15
cfi=(3)
cfn=(4)
calls=3 -52 
* 6
* 9
+8 6
+3 9
+45 4
+2 3
+59 18
196 4
cfi=(31)
cfn=(134)
calls=1 45 
* 109
+8 1
-8 1
+8 1
+28 2

fl=(21)
fn=(62)
81 7
+1 1

fl=(34) /build/buildd/eglibc-2.19/elf/dl-deps.c
fn=(126) openaux
60 42
+7 7
-3 7
-1 7
+1 7
-1 77
cfi=(22)
cfn=(104) _dl_map_object
calls=7 2317 
* 18328
* 14
+5 35

fn=(124) _dl_map_object_deps
147 8
+1 5
-1 1
+14 1
-13 3
+14 2
+6 1
-21 1
cfi=(3)
cfn=(4)
calls=1 -17 
* 2
* 1
+13 1
+1 1
+7 2
+10 1
-30 1
+20 1
+10 5
+1 3
-19 1
+2 2
+6 1
-7 1
+7 3
+10 2
-10 1
+10 4
-16 3
+20 3
+19 1
+2 1
+1 2
-3 1
343 1
189 1
-1 1
343 1
213 1
-4 1
+4 1
+4 4
-4 5
-4 5
+4 5
+4 20
+12 24
+2 8
+6 4
-6 8
+5 4
+1 4
+1 8
+1 8
+3 20
-32 4
+32 8
+50 21
+1 20
-51 416
+1 208
+6 35
cfi=(27)
cfn=(76)
calls=7 45 
* 706
* 14
+2 7
+3 56
cfi=(29) /build/buildd/eglibc-2.19/elf/dl-error.c
cfn=(96) _dl_catch_error
calls=7 -91 
* 18965
+2 7
-2 7
+2 14
+15 7
+2 14
+11 4
-6 8
+10 4
-10 4
+3 4
+1 4
+1 4
+5 4
-4 4
+2 4
+2 12
-2 12
-57 12
-19 2
471 18
+2 12
+3 4
-1 8
cfi=(17)
cfn=(40)
calls=4 93 
* 196
* 4
+2 4
-2 4
+2 4
+3 4
+1 4
-1 4
+1 28
cfi=(18)
cfn=(46)
calls=4 40 
* 113
+1 24
cfi=(18)
cfn=(46)
calls=4 40 
* 113
+3 4
+1 4
-1 4
+5 36
+3 15
-1 6
+1 12
202 27
+15 18
+1 31
+2 4
+2 12
+2 45
497 6
+1 2
+3 5
+11 2
-1 2
cfi=(17)
cfn=(40)
calls=1 93 
* 49
* 1
+3 1
-3 1
+3 1
+5 1
+3 1
-3 1
+3 1
-3 3
+1 1
+4 24
+4 24
-6 6
+10 6
-10 12
+13 3
+51 6
+2 4
+42 9
+1 4
cfi=(33) /build/buildd/eglibc-2.19/string/../sysdeps/i386/i686/multiarch/../memset.S
cfn=(118) memset
calls=1 48 
* 22
* 4
-2 7
+6 2
+1 5
+6 1
-6 2
+6 2
-13 15
+6 10
+1 25
+6 5
-6 10
+6 25
+2 10
+1 10
-1 14
+1 19
+3 51
-1 69
+23 22
-28 22
+31 20
+3 40
cfi=(33)
cfn=(118)
calls=4 48 
* 89
* 16
-23 3
-1 10
cfi=(39) /build/buildd/eglibc-2.19/string/../sysdeps/i386/i686/multiarch/../memmove.S
cfn=(142) memmove
calls=1 49 
* 20
+2 1
+2 2
-2 1
+2 6
+2 1
+25 3
+2 1
+1 1
+1 1
-2 1
+2 2
+7 3
+3 3
+3 6
-38 1
+1 1
-1 1
+1 10
cfi=(39)
cfn=(142)
calls=1 49 
* 20
+2 2
+2 1
295 291
623 9
cfi=(18)
cfn=(46)
calls=1 40 
* 32
+2 1
-38 1
+38 2

fl=(11)
fn=(22)
43 20
+1 20
+2 20
+2 20
+1 9
+2 6
+1 6
+2 5
+1 5
+2 5
+2 5
+1 5
+2 5
+2 8
+1 8
+2 8
+1 8
+26 8
+1 8
+2 8
+1 8
+2 8
+1 8
-7 23
+1 23
+2 23
+1 23
+2 23
+1 23
+2 31
+2 31
+2 31
+3 31
+1 31
+2 31
+1 31
+2 31
+1 31
+2 27
+2 27
+2 27
+3 25
+1 25
+2 25
+1 25
+2 25
+1 25
+2 25
+2 25
+2 25
+3 22
+1 22
+2 22
+1 22
+2 22
+1 22
+2 13
+2 13
+2 13
+3 19
+1 19
+2 19
+1 19
+2 16
+1 16
+2 16
+2 9
+1 9
+2 9
+1 9
+2 2
+2 2
+3 2
-3 18
+3 18

fl=(22)
fn=(78) fillin_rpath
486 6
cfi=(3)
cfn=(4)
calls=1 130 
* 2
* 6
+2 3
+3 5
cfi=(17)
cfn=(80) strsep
calls=1 335 
* 300
* 5
cfi=(17)
cfn=(80)
calls=1 335 
* 26
* 4
+4 4
cfn=(82) expand_dynamic_string_token
calls=1 -80 
* 288
+2 1
-2 1
+2 1
cfi=(11)
cfn=(22)
calls=1 43 
* 50
+7 2
-3 1
-4 1
+4 1
+7 6
+8 3
+7 20
+1 8
+57 2
cfi=(17)
cfn=(88) free
calls=1 119 
* 14
* 1
* 3
-39 3
+4 3
+1 3
-1 1
+1 1
-2 2
cfi=(17)
cfn=(40)
calls=1 93 
* 49
* 1
+3 2
-3 1
+3 1
+5 1
-1 2
+2 5
cfi=(25)
cfn=(72)
calls=1 40 
* 19
+1 1
+2 1
-3 1
+1 1
+2 1
+6 4
+1 1
-1 1
+1 5
+1 1
-1 3
+1 15
-1 46
+4 1
-1 1
+1 1
-1 1
+1 1
+7 1
+4 1
-3 1
-1 1
+4 5
-71 2
+5 4
+29 2
+43 3
+3 6
-15 2

fn=(104)
2317 56
+7 8
-7 8
cfi=(3)
cfn=(4)
calls=8 130 
* 16
* 16
+7 16
+1 24
+3 64
+12 48
-12 72
+5 84
+1 56
+2 84
cfi=(31)
cfn=(106)
calls=28 288 
* 2079
* 60
2607 24
2362 8
+10 24
+26 8
-2 4
+2 4
cfi=(27)
cfn=(76)
calls=4 45 
* 360
* 8
2538 8
cfn=(82)
calls=1 415 
* 517
+1 1
-3 1
+3 2
+4 7
cfn=(108) open_verify
calls=1 1873 
* 318
+3 1
-3 1
+3 1
+12 16
+2 4
-2 4
+2 4
+44 8
+1 64
cfn=(114) _dl_map_object_from_fd
calls=4 923 
* 7877
+2 24
2402 6
cfi=(11)
cfn=(22)
calls=3 43 
* 157
* 3
+2 3
-2 3
+2 3
+7 18
+35 6
+1 57
cfn=(128) open_path
calls=3 2168 
* 3456
* 9
+6 21
+1 6
691 9
+3 2
2530 6
-95 6
+11 6
cfn=(140) cache_rpath.part.4
calls=1 686 
* 15
+8 2
+2 3
+6 12
+2 9
+4 6
cfi=(36)
cfn=(132)
calls=3 182 
* 188
+2 3
-2 3
+2 3
+53 12
+1 6
+1 9
+1 45
cfn=(128)
calls=3 2168 
* 4598
* 6
-90 24
691 3
2437 3
691 6
2415 6
+1 3
-1 12
+5 12
691 4
2421 4
691 8
+3 9
cfn=(140)
calls=1 -8 
* 15
2421 3
-80 72
+3 11
+1 22
+1 33
cfi=(19)
cfn=(54)
calls=11 30 
* 260
* 22

fn=(84) local_strdup
160 10
cfi=(3)
cfn=(4)
calls=2 -30 
* 4
* 4
+1 4
cfi=(11)
cfn=(22)
calls=2 43 
* 168
* 2
+1 4
cfi=(17)
cfn=(40)
calls=2 -69 
* 98
* 2
+2 4
+3 8
cfi=(18)
cfn=(46)
calls=2 40 
* 71
+1 10

fn=(64) _dl_init_paths
714 7
cfi=(3)
cfn=(4)
calls=1 130 
* 2
* 2
+13 6
cfi=(23)
cfn=(66)
calls=1 39 
* 2618
* 1
+5 1
-5 1
+5 1
cfi=(17)
cfn=(40)
calls=1 93 
* 49
* 1
+1 1
-1 1
-1 1
+2 1
+8 1
-1 1
+1 2
-1 2
+5 4
cfi=(17)
cfn=(40)
calls=1 93 
* 88
* 1
-1 1
+3 1
-3 1
+3 2
+15 1
+14 4
-7 1
-7 2
+2 3
+3 7
+2 1
-16 1
+1 1
+11 1
+4 1
-1 1
+1 1
+4 24
+1 4
-1 12
+1 60
-1 184
+3 12
-14 3
+2 3
+12 3
-14 6
+2 3
+4 3
-3 3
+2 6
+1 6
+1 15
+3 9
-10 6
+7 6
+18 1
-11 1
+7 2
-1 1
+6 1
-5 1
+5 1
+2 4
+2 3
+38 4
+8 3
cfi=(27)
cfn=(76)
calls=1 45 
* 112
* 2
+2 2
cfi=(11)
cfn=(22)
calls=1 43 
* 54
* 10
cfi=(18)
cfn=(46)
calls=1 40 
* 25
* 1
+17 3
-1 3
+3 1
+1 2
+1 1
-4 3
+2 13
+1 26
+1 13
-4 40
+8 2
cfi=(17)
cfn=(40)
calls=1 93 
* 49
* 1
+1 1
-2 1
+2 1
+6 11
cfn=(78)
calls=1 486 
* 972
+4 4
+6 1
+4 6
-75 1
-2 1
+2 2
+14 2

fn=(114)
923 28
cfi=(3)
cfn=(4)
calls=4 130 
* 8
* 12
+11 4
-11 4
+11 8
cfi=(28)
cfn=(90)
calls=4 47 
* 60
* 4
+4 20
cfi=(32)
cfn=(116)
calls=4 33 
* 60
* 8
+11 28
+1 28
-1 42
+1 112
+17 12
+25 8
+10 8
+22 16
+32 8
935 4
1059 40
cfi=(15)
cfn=(32)
calls=4 61 
* 2276
* 4
+1 4
-1 4
+1 4
+11 12
+1 12
+1 8
+2 12
+1 4
-1 4
-2 4
+3 20
+1 12
+24 40
+8 20
+97 4
1103 4
-1 4
-10 4
1206 8
-96 58
-1 198
+1 204
+6 8
+1 12
+1 4
+3 4
+1 2
+5 56
+6 8
+1 8
-1 48
+8 32
+1 8
-1 16
+1 8
-1 8
+1 48
+1 24
+2 8
-2 8
+3 8
-2 8
+2 8
-2 8
+3 16
+4 8
-5 8
+1 8
+4 8
+1 24
+5 28
-16 8
+26 4
-10 28
-16 8
+26 4
+3 3
+4 1
+1 1
+1 1
-1 1
+1 1
+4 2
+3 2
+4 4
+6 1
cfi=(37) /build/buildd/eglibc-2.19/elf/dl-tls.c
cfn=(136) _dl_next_tls_modid
calls=1 50 
* 20
* 1
+1 1
+60 8
+1 8
+1 4
-6 8
+1 4
-72 4
+80 24
+13 16
+2 4
-2 4
+2 4
+19 40
-5 4
+5 8
cfi=(26)
cfn=(74)
calls=4 29 
* 92
+4 4
-4 4
+4 4
+7 4
+1 4
-1 4
+1 4
+2 4
-3 4
+1 4
+2 4
+10 4
+2 8
+33 32
+1 12
+2 24
+8 40
+6 4
+1 4
-1 4
+1 4
+1 8
+1 8
-1 16
+8 8
+3 8
+11 32
cfi=(33)
cfn=(118)
calls=4 48 
* 1052
+1 20
+5 8
+15 8
-74 48
+2 20
+2 52
cfi=(26)
cfn=(74)
calls=4 29 
* 92
* 8
-30 1
-1 7
cfi=(38)
cfn=(138)
calls=1 81 
* 10
* 1
1418 16
+9 8
fi=(4) /build/buildd/eglibc-2.19/elf/get-dynamic-info.h
38 4
fe=(22)
1427 8
fi=(4)
38 4
+6 4
-2 4
+2 8
+25 12
+20 16
+1 20
+1 20
+1 20
+2 12
+3 20
+2 20
+1 18
+1 20
+6 12
+7 12
+5 12
+4 12
+1 12
+12 12
+5 1
+2 1
-2 1
+2 1
+2 2
+2 2
+3 12
+2 1
+8 1
-8 1
+9 2
-1 1
+5 2
+3 12
fe=(22)
1433 8
+16 12
+19 8
+2 20
+55 12
+1 2
+3 3
cfi=(24)
cfn=(122)
calls=1 81 
* 8
* 9
cfi=(24)
cfn=(122)
calls=3 81 
* 24
* 8
+8 20
+3 12
+2 4
-2 4
+2 4
+16 8
cfi=(7)
cfn=(12)
calls=4 859 
* 148
+4 8
+1 12
+17 8
+1 1
+3 3
+1 1
-1 1
+1 2
+4 1
-4 1
+4 2
-5 9
+1 3
-1 3
+1 6
+4 3
-4 3
+4 6
+10 12
cfi=(15)
cfn=(48)
calls=4 32 
* 236
+4 16
+20 24
fi=(4)
52 80
+10 20
-18 60
+8 76
+10 76
-18 228
+18 4
-18 12
+2 200
+5 96
+2 16
+3 16
+3 16
+2 12
fe=(22)
1356 14
+1 16
+1 8
-1 4
+3 10
+43 22
cfi=(26)
cfn=(74)
calls=2 29 
* 46
+3 4
1537 8
+1 6
fi=(4)
114 8
fe=(22)

fn=(108)
1873 222
cfi=(3)
cfn=(4)
calls=37 130 
* 74
* 222
+36 111
+21 148
cfi=(24)
cfn=(110)
calls=37 81 
* 601
+1 37
-1 37
+1 37
+11 8
+5 4
-6 4
+1 4
+5 36
cfi=(24)
cfn=(112)
calls=4 81 
* 40
+2 8
+2 8
+2 4
-2 8
+2 4
+6 8
+16 28
cfi=(14)
cfn=(30)
calls=4 46 
* 124
* 8
+2 8
-2 8
+4 28
cfi=(14)
cfn=(30)
calls=4 46 
* 144
-4 8
+75 12
+5 8
+3 20
+5 8
+7 4
+1 8
-1 8
+1 12
+1 12
+15 160
+2 72
+4 24
+1 12
+13 8
+1 4
-1 4
+1 8
-2 4
+4 12
+5 2
+1 2
-13 10
cfi=(14)
cfn=(30)
calls=2 46 
* 78
* 20
cfi=(14)
cfn=(30)
calls=4 46 
* 136
* 16
+16 4
+5 2
-2 2
+1 2
+1 2
+1 6
+1 8
-4 2
+1 2
-1 2
+2 2
-1 6
-1 2
+4 4
+5 33
+23 210
2006 6
+81 14
+67 12

fn=(70)
1512 90

fn=(82)
415 14
cfi=(3)
cfn=(4)
calls=2 130 
* 4
* 6
+10 4
-10 2
+10 2
cfi=(27)
cfn=(76)
calls=2 45 
* 366
* 4
+15 2
-11 2
+11 8
-11 2
cfn=(84)
calls=2 160 
* 389

fn=(128)
2168 42
+1 6
-1 6
cfi=(3)
cfn=(4)
calls=6 130 
* 12
* 12
+1 6
+6 6
-6 6
+6 6
+5 18
-7 6
-1 6
+8 60
1633 18
2192 18
+7 42
cfi=(25)
cfn=(72)
calls=6 40 
* 114
* 6
+1 18
+14 6
-14 6
-13 6
+27 12
+6 64
+1 1
+23 1
+2 9
-46 369
+3 192
+4 324
cfi=(25)
cfn=(72)
calls=36 40 
* 600
* 216
cfi=(25)
cfn=(72)
calls=36 40 
* 710
+3 72
+3 108
+3 360
cfn=(108)
calls=36 1873 
* 2648
* 36
+2 108
+26 16
+2 8
-46 8
+85 18
+5 3
+2 3
-2 3
+2 12
+3 9
-13 3
+27 18
-84 93
+1 186
+6 186
+2 155
cfi=(35) /build/buildd/eglibc-2.19/io/../sysdeps/unix/sysv/linux/xstat64.c
cfn=(130) __xstat64
calls=31 33 
* 555
* 62
+1 4
+2 60
+7 62
+27 12
cfi=(17)
cfn=(40)
calls=3 93 
* 147
* 3
* 3
+1 6
-1 3
+1 3
+2 21
cfi=(18)
cfn=(46)
calls=3 40 
* 109
+1 3
+34 12
-34 3
+34 6
-70 3

fn=(140)
686 12
+11 8
+3 2
+8 2
-7 2
+7 4

fl=(2)
fn=(94) do_preload
804 7
cfi=(3)
cfn=(4)
calls=1 130 
* 2
* 2
+6 1
+6 3
-5 1
+5 1
-10 1
+6 1
+2 1
+2 2
-2 1
+2 2
cfi=(29)
cfn=(96)
calls=1 163 
* 2971
* 2
+1 3
+8 4
+6 6

fn=(154) init_tls
717 1
+7 1
-7 3
cfi=(3)
cfn=(4)
calls=1 130 
* 2
* 2
+2 1
+4 1
-4 1
+4 1
+10 4
cfi=(17)
cfn=(36)
calls=1 102 
* 73
* 1
-4 1
+15 1
-12 1
+6 1
-9 1
+11 1
+4 1
+2 1
-1 1
+1 14
+2 12
+4 1
+2 1
-7 12
+9 2
+3 1
cfi=(37)
cfn=(156) _dl_determine_tlsoffset
calls=1 112 
* 86
+7 1
cfi=(37)
cfn=(158) _dl_allocate_tls_storage
calls=1 328 
* 521
+1 1
-1 1
+1 1
+6 1
+8 1
-8 1
+8 17
+4 1
+2 2
+1 5

fn=(98) _dl_initial_error_catch_tsd
795 9
cfi=(22)
cfn=(70)
calls=9 1512 
* 18
* 9
+3 18

fn=(146) version_check_doit
657 1
+2 1
-2 2
cfi=(3)
cfn=(4)
calls=1 130 
* 2
* 3
+2 3
cfi=(40)
cfn=(148)
calls=1 380 
* 9810
* 2
+4 4

fn=(102) map_doit
625 1
+2 1
-2 4
+2 7
cfi=(22)
cfn=(104)
calls=1 2317 
* 2890
* 2
+2 3

fn=(162) security_init
851 3
cfi=(3)
cfn=(4)
calls=1 130 
* 2
* 2
+2 1
fi=(41) /build/buildd/eglibc-2.19/elf/../sysdeps/unix/sysv/linux/dl-osinfo.h
61 2
+23 2
+2 1
+7 1
fe=(2)
855 1
+6 2
+2 1
fi=(41)
101 2
+11 1
fe=(2)
866 1
+2 1
+6 1
+1 4

fn=(26) dl_main
891 6
cfi=(3)
cfn=(4)
calls=1 130 
* 2
* 2
2488 1
-1 1
910 2
+3 2
+4 2
+1 2
+5 2
2485 1
+7 1
-7 1
+7 7
2650 2
2494 2
cfi=(13)
cfn=(28)
calls=1 30 
* 48
* 4
cfi=(13)
cfn=(28)
calls=2 30 
* 139
* 9
+4 50
+1 19
-1 57
+3 4
+6 12
2660 3
+33 3
933 4
1132 7
cfi=(15)
cfn=(32)
calls=1 61 
* 284
* 1
+2 1
-2 1
+2 1
+1 1
+6 1
-6 1
+2 1
-2 1
+1 1
+1 1
-1 1
+1 1
+4 2
cfi=(15)
cfn=(48)
calls=1 32 
* 47
+1 2
900 1
1163 1
+8 1
-3 1
+3 3
-8 1
+1 1
+2 1
+5 2
+56 1
-34 2
+21 1
897 1
1214 1
+13 4
-55 24
-1 27
+1 47
-1 3
1274 4
+3 2
+2 2
+2 3
+13 3
+1 9
cfi=(19)
cfn=(54)
calls=1 30 
* 9
* 3
+7 1
+3 1
-5 1
+3 1
+2 2
+1 2
+4 2
+2 3
fi=(4)
29 2
+9 2
+4 1
+2 1
+7 1
-7 2
+8 12
+10 3
-18 9
+8 20
+10 20
-18 60
+18 1
-18 3
+2 48
+5 16
+2 4
+16 4
+38 4
+7 3
+5 4
+4 4
+1 3
+12 4
+14 4
+18 4
fe=(2)
1317 2
cfi=(7)
cfn=(12)
calls=1 859 
* 37
+3 2
fi=(20) /build/buildd/eglibc-2.19/elf/setup-vdso.h
24 3
fe=(2)
1342 6
1176 3
+1 1
+90 2
+1 2
+1 1
-6 2
+1 1
-37 8
-1 6
+2 4
+1 1
+3 2
+1 2
-1 2
+1 2
+1 2
+1 6
+1 2
-43 1
-2 2
+27 1
-25 1
+7 1
-10 1
+10 2
-19 3
+1 1
fi=(4)
56 4
+3 4
+2 3
fe=(2)
2583 5
cfi=(14)
cfn=(30)
calls=1 46 
* 35
* 2
+2 3
-55 5
cfi=(14)
cfn=(30)
calls=1 46 
* 30
* 2
+7 5
cfi=(14)
cfn=(30)
calls=1 46 
* 36
* 2
+2 3
fi=(4)
114 2
fe=(2)
1347 2
cfi=(22)
cfn=(64)
calls=1 714 
* 4578
+3 3
cfi=(28)
cfn=(90)
calls=1 47 
* 22
* 1
+2 1
+5 3
+3 3
+1 1
+1 1
+2 1
-3 3
+1 2
+3 2
+5 1
-7 1
+7 1
+1 6
+4 1
+2 1
+2 1
-2 1
+8 2
-7 1
+7 1
-6 1
+5 2
+1 6
+2 2
+1 2
+5 3
+5 3
906 1
1579 4
+3 2
+4 3
+5 2
+1 1
cfi=(28)
cfn=(92)
calls=1 74 
* 1
+5 3
+15 4
+4 3
+31 5
cfi=(24)
cfn=(68)
calls=1 81 
* 16
* 2
+77 4
+17 1
+1 2
-1 2
+1 9
cfi=(34)
cfn=(124)
calls=1 147 
* 22683
* 1
+1 1
+5 1
-3 4
+3 5
+1 3
-1 2
+1 15
-1 10
+4 3
+1 3
+1 1
+2 2
+1 5
-1 2
+1 12
-1 12
-28 4
+1 1
-1 3
+4 2
+1 1
+1 2
+1 2
1521 1
1770 1
-1 1
+1 1
-1 1
+1 1
+2 1
+2 3
+2 1
-4 1
+5 1
-1 2
+14 2
+1 2
+1 3
+11 5
+1 1
+1 1
-1 1
+1 5
cfi=(29)
cfn=(144) _dl_receive_error
calls=1 205 
* 9867
+11 1
-1 1
+1 1
-1 1
+1 1
+1 1
cfn=(154)
calls=1 717 
* 782
* 1
+2 3
+3 1
cfn=(162)
calls=1 851 
* 28
+2 3
2054 4
+56 2
+4 1
-4 1
+11 1
-11 1
+4 3
+4 2
+3 1
+8 3
+46 5
+7 1
+2 2
+1 1
-1 1
+1 2
+1 5
+2 18
+5 12
+2 12
+6 6
+2 12
+1 55
cfi=(42) /build/buildd/eglibc-2.19/elf/dl-reloc.c
cfn=(166) _dl_relocate_object
calls=5 154 
* 300859
+4 32
-22 22
+25 1
+2 3
+6 1
-6 1
+6 2
+5 5
+1 1
+5 2
cfi=(37)
cfn=(196) _dl_allocate_tls_init
calls=1 376 
* 144
+4 2
+14 3
+2 3
+29 1
cfi=(8) /build/buildd/eglibc-2.19/elf/../elf/dl-sysdep.c
cfn=(198) _dl_sysdep_start_cleanup
calls=1 256 
* 1
+4 3
+20 3
cfi=(28)
cfn=(90)
calls=1 47 
* 15
+1 1
+1 1
cfi=(28)
cfn=(92)
calls=1 74 
* 1
+5 1
cfi=(36)
cfn=(200)
calls=1 308 
* 13
+5 6
2209 2
cfi=(37)
cfn=(192) _dl_add_to_slotinfo
calls=1 831 
* 29
* 1
-12 1
+1 1
-3 2
+55 2
+15 3
+2 1
+1 8
cfi=(42)
cfn=(166)
calls=1 154 
* 7568
+1 1
+2 5
2062 1
899 2
1767 2
1623 2
cfi=(11)
cfn=(22)
calls=1 43 
* 129
* 10
cfi=(18)
cfn=(46)
calls=1 40 
* 32
* 1
+3 5
-12 1
+19 2
-4 4
cfi=(17)
cfn=(80)
calls=1 335 
* 889
* 4
cfi=(17)
cfn=(80)
calls=1 335 
* 26
* 6
+1 2
+1 3
+2 4
cfn=(94)
calls=1 804 
* 3011
* 2
1336 4
+6 1
cfi=(9)
cfn=(60)
calls=1 45 
* 99
* 2
1635 1
+1 2
+1 3

fn=(2)
362 7
cfi=(3)
cfn=(4)
calls=1 130 
* 2
* 2
+18 2
fi=(4)
44 1
+7 1
fe=(2)
380 1
fi=(6)
59 3
fi=(4)
-15 1
fe=(2)
409 1
-3 1
fi=(4)
44 1
+8 16
+10 4
-18 12
+8 13
+10 13
-18 39
+18 1
-18 3
+2 36
+5 20
+2 4
+16 2
+20 4
+1 4
+1 4
+1 4
+5 4
+2 4
+1 4
+1 4
+6 3
+3 2
+13 3
+1 3
+4 3
+2 3
+3 3
+1 3
fe=(2)
537 2
285 1
544 1
285 77
+12 2
cfi=(7)
cfn=(12)
calls=1 859 
* 37
+1 2
+1 2
+1 2
+1 2
+21 2
+10 3
-10 1
+4 1
+6 2
cfi=(8)
cfn=(14) _dl_sysdep_start
calls=1 86 
* 353278
* 1
+9 1
+3 2
+4 1
-4 2
+4 1
569 7
fi=(4)
56 4
fe=(2)
542 39
fi=(5) /build/buildd/eglibc-2.19/elf/do-rel.h
84 1
+27 1
-28 2
+28 2
+1 2
fi=(6)
639 2
fi=(5)
112 20
fi=(6)
639 20
fi=(5)
111 11
fi=(6)
640 11
fi=(5)
111 22
+5 3
+8 3
fi=(6)
409 2
fi=(5)
124 4
+15 2
fi=(6)
338 1
fi=(5)
139 1
-2 2
fi=(6)
308 1
fi=(5)
137 3
fi=(6)
338 2
+3 4
fi=(5)
139 16
fi=(6)
338 8
fi=(5)
139 8
-2 16
fi=(6)
308 8
fi=(5)
137 24
fi=(6)
338 16
+3 32
+6 54
fi=(4)
59 4
+2 3
fi=(5)
+63 28
fi=(6)
357 27
fe=(2)

fn=(50)
837 7
+1 14

fn=(52)
843 7
+1 14

fl=(146) /build/buildd/eglibc-2.19/elf/dl-fini.c
fn=(1478) _dl_sort_fini
32 8
cfi=(3)
cfn=(4)
calls=1 +98 
* 2
* 1
+2 1
-2 4
+2 1
+5 3
+1 1
-1 1
+1 4
-1 1
+1 1
+1 4
cfi=(33)
cfn=(118)
calls=1 +7 
* 22
* 6
+15 3
+62 4
+3 40
cfi=(33)
cfn=(118)
calls=4 -73 
* 89
* 24
-76 12
+1 20
-1 4
+1 12
+4 12
+71 6
-76 6
+1 10
-1 2
+1 6
+4 18
+6 6
+1 6
-1 6
+1 21
+2 10
+1 10
-1 14
+1 19
+3 51
-1 69
+31 33
+21 22
-57 33
+61 17
+7 6
-56 3
-1 9
cfi=(39)
cfn=(142)
calls=1 -19 
* 20
+2 1
+2 3
+8 7
+7 11
cfi=(39)
cfn=(142)
calls=1 -38 
* 20
+1 4
+2 1

fn=(1476) _dl_fini
131 6
cfi=(3)
cfn=(4)
calls=1 -1 
* 2
* 4
+19 1
-6 1
-1 3
+10 14
+86 3
-83 4
cfi=(2)
cfn=(50)
calls=1 837 
* 3
+3 2
+3 2
+2 6
+7 1
+4 1
-4 2
+4 2
+2 3
+3 7
+3 3
+10 12
+2 12
+2 6
+1 6
+1 6
+4 6
-12 18
+14 3
+5 7
cfn=(1478)
calls=1 32 
* 730
+9 1
-9 1
+9 2
cfi=(2)
cfn=(52)
calls=1 843 
* 3
+4 4
+2 3
+2 3
-2 15
+2 15
+3 12
+3 18
+4 8
+7 8
+4 4
+1 4
-1 4
+1 4
-1 4
+1 4
+2 24
+1 4
cob=(5) /lib/i386-linux-gnu/libdl-2.19.so
cfi=(149) /build/buildd/eglibc-2.19/dlfcn/dlerror.c
cfn=(1552) fini
calls=1 -43 
* 32
cob=(6) /lib/i386-linux-gnu/libcrypto.so.1.0.0
cfi=(63) ???
cfn=(1526) 0x00037be0
calls=1 0 
* 1211
cob=(4) /usr/lib/valgrind/vgpreload_core-x86-linux.so
cfi=(51) ???
cfn=(1494) 0x00000480
calls=1 0 
* 924
cob=(7)
cfi=(68)
cfn=(1480) 0x08049050
calls=1 0 
* 14
* 1
cob=(5)
cfi=(61) ???
cfn=(1556) 0x00000ba0
calls=1 0 
* 1211
-1 14
+5 12
+1 12
cob=(2) ???
cfi=(16) ???
cfn=(1580) 0x0438596c
calls=1 0 
* 9
cob=(2)
cfi=(16)
cfn=(1548) 0x04157074
calls=1 0 
* 9
cob=(2)
cfi=(16)
cfn=(1522) 0x0402460c
calls=1 0 
* 9
cob=(2)
cfi=(16)
cfn=(1490) 0x0804ada0
calls=1 0 
* 9
+5 42
-39 12
+55 6
-55 13
-70 2
283 6
-49 6
+55 2
+7 6

fl=(8)
fn=(14)
86 7
cfi=(3)
cfn=(4)
calls=1 +44 
* 2
* 1
+25 1
-1 1
+1 110
+6 1
-3 1
-3 1
+3 1
+3 1
-2 1
+2 5
-10 1
-20 20
+1 2
+30 108
-1 84
+95 18
fi=(9)
35 2
cfi=(10) /build/buildd/eglibc-2.19/elf/../sysdeps/unix/sysv/linux/i386/brk.c
cfn=(18) brk
calls=1 -2 
* 17
fi=(6)
264 5
fe=(8)
-30 2
cfi=(12)
cfn=(24)
calls=1 34 
* 23
* 3
+12 3
+3 7
cfi=(2)
cfn=(26)
calls=1 891 
* 352788
+1 1
+1 6
-72 2
+1 1
-29 2
+1 1
+11 2
+1 1
-7 4
+1 1
-4 1
+1 1
-25 2
+1 1
-4 2
+1 1
-7 1
+1 1
+2 1
+1 1
232 2
cfi=(11)
cfn=(22)
calls=1 43 
* 25
* 2

fn=(198)
256 1

fl=(29)
fn=(96)
163 24
cfi=(3)
cfn=(4)
calls=8 -33 
* 16
* 16
+12 16
+3 8
-2 16
+1 16
+1 8
+2 8
cfi=(2)
cfn=(98)
calls=8 795 
* 48
+1 8
-1 16
+2 16
+3 24
-4 8
+4 8
cfi=(30)
cfn=(100)
calls=8 30 
* 88
* 24
+2 24
cfi=(34)
cfn=(126)
calls=7 60 
* 18524
cfi=(2)
cfn=(102)
calls=1 625 
* 2908
+1 16
+3 8
-3 8
+1 16
+1 16
+1 8
+8 40

fn=(144)
205 7
cfi=(3)
cfn=(4)
calls=1 -75 
* 2
* 3
+1 1
cfi=(2)
cfn=(98)
calls=1 795 
* 6
+11 1
-7 1
-4 1
+5 1
+3 1
+1 1
-5 1
+1 1
+6 2
cfi=(2)
cfn=(146)
calls=1 657 
* 9828
+2 1
+1 1
-1 1
+1 1
+1 6

fl=(50)
fn=(210) call_init.part.0
34 42
+8 6
+3 6
-11 6
cfi=(3)
cfn=(4)
calls=6 +96 
* 12
* 6
+8 12
+3 18
+5 15
+5 8
+8 8
+1 32
cob=(2)
cfi=(16)
cfn=(276) 0x0405e490
calls=1 -64 
* 1354
cob=(2)
cfi=(16)
cfn=(252) 0x0438499c
calls=1 -64 
* 12
cob=(3)
cfi=(52) /build/buildd/eglibc-2.19/csu/init-first.c
cfn=(232) _init
calls=1 -12 
* 156
cob=(2)
cfi=(16)
cfn=(212) 0x04024370
calls=1 -64 
* 12
+3 4
+1 8
+6 4
+2 8
-2 8
+3 4
-3 4
+3 12
+1 24
cob=(6)
cfi=(63)
cfn=(322) 0x00037c30
calls=1 -78 
* 36
cob=(5)
cfi=(61)
cfn=(260) 0x00000bf0
calls=1 -78 
* 36
cob=(3)
cfi=(56) /build/buildd/eglibc-2.19/libio/oldstdfiles.c
cfn=(240) _IO_check_libio
calls=1 -1 
* 12
cob=(4)
cfi=(51)
cfn=(220) 0x000004d0
calls=1 -78 
* 36
* 18
cob=(5)
cfi=(62) /build/buildd/eglibc-2.19/dlfcn/dlfcn.c
cfn=(272) init
calls=1 -50 
* 9
cob=(3)
cfi=(59) /build/buildd/eglibc-2.19/elf/dl-altinit.c
cfn=(250) dlinit_alt
calls=1 -37 
* 11
cob=(3)
cfi=(57) /build/buildd/eglibc-2.19/string/../sysdeps/x86_64/cacheinfo.c
cfn=(242) init_cacheinfo
calls=1 550 
* 3428
-1 21
+3 30
-29 3
+29 6
-34 3

fn=(208)
86 6
cfi=(3)
cfn=(4)
calls=1 +44 
* 2
* 2
+1 1
-1 1
+2 1
-2 1
+5 3
+7 2
+26 2
+1 27
+1 12
-90 42
cfn=(210)
calls=5 -2 
* 5321
* 5
+96 6
-96 8
cfn=(210)
calls=1 -2 
* 109
* 1
+58 2

fl=(33)
fn=(118)
48 15
+1 15
+2 15
+1 15
+4 15
+2 15
+1 15
+2 15
+1 15
+1 5
+1 5
+1 5
+1 5
+1 5
+1 5
+1 5
+1 3
+1 3
+1 1
+1 1
+1 1
+1 1
+1 1
+2 1
+2 1
-6 12
+1 12
+1 12
+2 12
+2 1008
+2 13
+1 13
+5 15
+2 15
+7 15

fl=(17)
fn=(40)
93 93
cfi=(3)
cfn=(4)
calls=31 +37 
* 62
* 31
+1 124
cfn=(44) __libc_memalign
calls=31 -43 
* 1169
* 31
+1 93

fn=(36)
102 84
cfi=(3)
cfn=(4)
calls=12 +28 
* 24
* 12
+7 12
-3 12
+3 12
-3 12
+3 24
+4 24
cfn=(40)
calls=12 -20 
* 633
* 12
+1 60

fn=(80)
335 28
cfi=(3)
cfn=(4)
calls=4 130 
* 8
* 4
+3 16
+2 8
+1 4
-1 4
+1 4
+4 187
+7 472
-2 236
+10 59
-15 179
+18 4
+4 28

fn=(44)
51 128
cfi=(3)
cfn=(4)
calls=32 +79 
* 64
* 128
+1 127
+11 31
+1 31
-1 31
+3 62
-3 31
+3 31
-3 1
+1 1
-1 1
+3 2
-3 1
+3 117
+4 12
+1 9
+6 21
cfi=(26)
cfn=(74)
calls=3 -48 
* 69
+2 15
+4 9
+3 3
+1 3
+2 18
-3 29
+1 29
+2 232
-31 3
+1 1
-2 3

fn=(88)
119 3
cfi=(3)
cfn=(4)
calls=1 +11 
* 2
* 3
+2 2
+7 4

fl=(25)
fn=(72)
40 96
+1 96
+2 96
+1 96
+2 96
+1 96
+1 96
+1 96
+1 60
+1 60
+1 60
-1 36
+1 36
+1 64
+1 367
+2 96
+2 96
+3 96

fl=(10)
fn=(18)
33 3
cfi=(3)
cfn=(4)
calls=1 +97 
* 2
* 1
+4 5
+2 1
+8 1
-6 2
+7 2

fl=(37)
fn=(192)
831 6
cfi=(3)
cfn=(4)
calls=1 130 
* 2
* 2
+6 2
+3 2
+5 3
+41 3
+1 3
+1 6

fn=(156)
112 5
cfi=(3)
cfn=(4)
calls=1 +18 
* 2
* 2
+6 3
+3 3
+36 1
-34 2
+34 2
+2 4
-2 1
-2 1
-40 1
-1 1
-1 2
+44 6
+5 1
-1 1
+5 1
-4 1
-1 2
+3 1
-3 1
+7 1
-4 3
+2 6
+16 5
+2 1
-2 1
+2 1
+1 1
-1 2
+10 1
-12 2
+15 9
+1 1
+51 2
+1 6

fn=(158)
328 5
cfi=(3)
cfn=(4)
calls=1 130 
* 2
* 2
+2 1
+11 4
cfi=(17)
cfn=(44)
calls=1 51 
* 74
* 1
+1 1
-1 1
+1 1
+7 1
+4 318
+11 2
cfn=(160) allocate_dtv
calls=1 -76 
* 100
+1 2
+5 6

fn=(136)
50 5
cfi=(3)
cfn=(4)
calls=1 +80 
* 2
* 2
+3 3
+48 2
+4 6

fn=(1474) ___tls_get_addr
769 3
cfi=(3)
cfn=(4)
calls=1 130 
* 2
* 1
+1 1
+2 3
+3 2
+2 2
+3 2
+1 3

fn=(196)
376 6
cfi=(3)
cfn=(4)
calls=1 130 
* 2
* 1
+1 1
-1 1
+1 1
+4 2
+3 1
-1 1
-2 1
+8 3
+5 8
+6 6
+22 2
+1 5
+2 2
+1 3
+8 3
+1 1
+1 5
cfi=(25)
cfn=(72)
calls=1 40 
* 16
* 6
cfi=(33)
cfn=(118)
calls=1 48 
* 36
-42 7
+6 2
+3 1
+1 2
+6 5
+3 2
-1 2
+38 3
+2 1
+1 6

fn=(160)
288 5
cfi=(3)
cfn=(4)
calls=1 130 
* 2
* 2
+8 1
-1 2
+1 3
cfi=(17)
cfn=(36)
calls=1 102 
* 73
* 1
+1 2
+9 1
-6 1
+6 1
+6 6

fl=(39)
fn=(142)
49 4
+3 4
+1 4
+2 4
+1 4
+3 4
+1 4
+1 4
+1 4
+2 4
+1 4
+1 4
+2 4
+1 4
+1 2
+1 6
+2 4
+3 4
+3 4
+4 4

fl=(64) /build/buildd/eglibc-2.19/elf/../sysdeps/i386/dl-trampoline.S
fn=(292) _dl_runtime_resolve
28 39
+2 39
+2 39
+2 39
+1 39
+1 39
cfi=(65)
cfn=(294)
calls=39 +30 
* 37818
+1 39
+2 39
+1 39
+1 39
+1 39

fl=(35)
fn=(130)
33 31
+2 31
-2 31
cfi=(3)
cfn=(4)
calls=31 +97 
* 62
* 31
+2 217
+6 2
-6 90
+6 60

fl=(42)
fn=(166)
154 48
cfi=(3)
cfn=(4)
calls=6 -24 
* 12
* 6
+15 12
+1 30
+6 18
+6 18
-18 12
+22 6
-22 6
+22 6
+7 24
-32 6
+77 24
fi=(6)
103 42
fe=(42)
264 414
-99 66
fi=(5)
-67 12
fe=(42)
264 6
fi=(5)
47 6
+11 6
-11 6
fe=(42)
264 6
fi=(5)
58 6
fe=(42)
264 6
fi=(5)
47 6
+11 6
-11 6
fe=(42)
264 6
fi=(5)
58 6
+3 5
fi=(6)
401 10
fi=(5)
61 10
fi=(6)
661 5
-1 10
+1 5
-1 5
+3 10
-2 190
-1 380
+1 190
-1 190
+3 380
+2 764
+1 191
fi=(5)
61 633
fe=(42)
264 366
fi=(6)
610 12
fi=(5)
47 6
+51 6
-52 6
+1 6
+37 6
+14 6
-14 6
-1 6
+3 6
-3 6
+3 18
+12 6
-51 6
+51 6
-52 6
+1 6
+37 6
+14 6
-14 6
-1 6
+3 6
-3 6
+3 18
+12 6
+10 38
+10 48
+3 10
+3 10
-3 10
+3 10
fi=(6)
511 12
fe=(42)
264 36
+3 18
+28 6
+3 6
-3 6
+3 12
+17 24
+1 12
cfn=(190) _dl_protect_relro
calls=6 +6 
* 252
* 12
+1 36
183 18
fi=(6)
-74 10
+4 15
+13 5
-8 5
+8 5
-8 5
+8 5
+13 15
fi=(5)
-55 14
-1 14
+3 14
+12 21
+7 15
+6 8
+1 8
fi=(6)
639 20
fi=(5)
112 17058
fi=(6)
639 17058
fi=(5)
111 8533
fi=(6)
640 8533
fi=(5)
111 17066
+7 28
+3 12
+3 18
fi=(6)
465 15
fi=(5)
136 5
+3 5
-3 10
+3 5
-1 5
-2 10
+2 5
-2 5
+1 10
+2 5
-1 5
fi=(6)
308 5
+3 5
fi=(5)
137 10
fi=(6)
311 5
fi=(5)
136 753
+3 753
-3 1506
+3 753
-1 753
-2 1506
+2 753
-2 753
+1 1506
+2 753
-1 753
fi=(6)
308 753
+3 753
fi=(5)
137 1506
fi=(6)
311 753
+17 1516
+9 12641
fi=(5)
137 240
fi=(6)
337 720
fi=(5)
138 240
fi=(6)
337 984
fi=(5)
137 6
fi=(6)
337 18
fi=(5)
138 6
fi=(6)
337 4452
cfi=(7)
cfn=(172)
calls=246 714 
* 165439
* 1476
+1 2978
+3 2976
+6 3790
fi=(5)
124 3037
fi=(6)
370 6
+1 12
+67 30
+2 40
+1 70
-84 687
+91 1548
337 39
+1 14
+2 28
fe=(42)
-76 158
fi=(6)
465 2
fi=(5)
160 4
+11 3
-1 1
+1 1
-1 1
fi=(6)
308 1
fi=(5)
170 3
fi=(6)
311 3
fi=(5)
171 12
-1 4
+1 4
-1 4
fi=(6)
308 4
fi=(5)
170 12
fi=(6)
311 12
+17 10
+9 205
cfi=(7)
cfn=(172)
calls=5 714 
* 3244
* 30
+1 13
+3 4
+6 25
fi=(5)
160 21
fi=(6)
340 4
-2 4
+2 4
fe=(42)
-76 3
fi=(6)
+93 20
fi=(5)
111 30
+49 8
fi=(6)
502 24
fe=(42)
264 42
fi=(6)
671 8
343 2
+1 3
+1 1
cob=(3)
cfi=(49)
cfn=(194)
calls=1 58 
* 15
* 2
-8 13473
718 8
+2 4
+1 4
-1 8
+1 8
+1 4
cob=(3)
cfi=(48) /build/buildd/eglibc-2.19/wcsmbs/../sysdeps/i386/i686/multiarch/wcslen.S
cfn=(188) wcslen
calls=1 28 
* 13
cob=(3)
cfi=(47) /build/buildd/eglibc-2.19/string/../sysdeps/i386/i686/multiarch/memrchr.S
cfn=(186) memrchr
calls=1 36 
* 14
cob=(3)
cfi=(46) /build/buildd/eglibc-2.19/string/../sysdeps/i386/i686/multiarch/strncase.S
cfn=(184) strncasecmp
calls=1 27 
* 15
cob=(3)
cfi=(43) /build/buildd/eglibc-2.19/string/../sysdeps/i386/i686/multiarch/strnlen.S
cfn=(178) strnlen
calls=1 28 
* 88
+1 8
fe=(42)

fn=(190)
322 36
cfi=(3)
cfn=(4)
calls=6 130 
* 12
* 12
+1 12
+1 12
-1 12
+2 12
+3 12
+1 30
cfi=(38)
cfn=(138)
calls=6 81 
* 60
* 12
+6 30

ob=(2)
fl=(16)
fn=(252)
0 3
cob=(5)
cfi=(60) /build/buildd/eglibc-2.19/csu/../sysdeps/i386/crti.S
cfn=(254) __x86.get_pc_thunk.bx
calls=1 66 
0 2
0 7

fn=(1548)
0 3
cob=(6)
cfi=(63)
cfn=(278) 0x00037b40
calls=1 0 
0 2
0 4

fn=(354) 0x08048b78
0 3
cob=(7)
cfi=(68)
cfn=(352) __x86.get_pc_thunk.bx
calls=1 0 
0 2
0 7

fn=(1522)
0 3
cob=(4)
cfi=(51)
cfn=(214) 0x000003e0
calls=1 0 
0 2
0 4

fn=(1580)
0 3
cob=(5)
cfi=(60)
cfn=(254)
calls=1 66 
0 2
0 4

fn=(276)
0 3
cob=(6)
cfi=(63)
cfn=(278)
calls=1 0 
0 2
0 8
cob=(6)
cfi=(63)
cfn=(284) OPENSSL_cpuid_setup
calls=1 0 
0 1337
0 4

fn=(1490)
0 3
cob=(7)
cfi=(68)
cfn=(352)
calls=1 0 
0 2
0 4

fn=(212)
0 3
cob=(4)
cfi=(51)
cfn=(214)
calls=1 0 
0 2
0 7

ob=(4)
fl=(51)
fn=(214)
0 12

fn=(1494)
0 4
cfn=(214)
calls=1 0 
0 2
0 10
cob=(3)
cfi=(147) /build/buildd/eglibc-2.19/stdlib/cxa_finalize.c
cfn=(1508) __cxa_finalize
calls=1 31 
0 78
cob=(1)
cfi=(64)
cfn=(292)
calls=1 28 
0 802
0 5
0 1
cfn=(1514) 0x000003f0
calls=1 0 
0 17
0 5

fn=(1514)
0 4
cfn=(214)
calls=1 0 
0 2
0 11

fn=(220)
0 4
cfn=(214)
calls=1 0 
0 2
0 19
cfn=(214)
calls=1 0 
0 2
0 9

ob=(3)
fl=(96) /build/buildd/eglibc-2.19/libio/iogetline.c
fn=(746) _IO_getline
37 14
+1 168
cfn=(748) _IO_getline_info
calls=14 +20 
* 2763
+1 28

fn=(748)
58 70
+2 14
-2 14
cfi=(44) /build/buildd/eglibc-2.19/string/../sysdeps/i386/i686/multiarch/strcat.S
cfn=(180) 0x0012722b
calls=14 -3 
* 28
* 42
+2 28
+2 42
+2 70
+30 13
-2 26
+2 65
cfi=(100) /build/buildd/eglibc-2.19/string/../sysdeps/i386/i686/multiarch/../../memchr.S
cfn=(776) __GI_memchr
calls=13 -52 
* 1032
+1 39
-29 45
+1 30
+2 4
cfi=(84) /build/buildd/eglibc-2.19/libio/genops.c
cfn=(750) __uflow
calls=2 363 
* 466
+1 4
+6 2
+10 1
+1 1
-23 1
+22 3
-22 3
+52 19
-18 13
-1 26
+2 13
-1 13
-1 13
+2 26
+2 13
+2 26
+2 78
cfi=(101) /build/buildd/eglibc-2.19/string/../sysdeps/i386/i686/multiarch/../memcpy.S
cfn=(778) __GI_memcpy
calls=13 -65 
* 355
+1 13
+1 13
-1 13
+10 78
-44 3
-9 5

fl=(55) /build/buildd/eglibc-2.19/ctype/ctype-info.c
fn=(238) __ctype_init
29 1
+2 1
-2 2
cfi=(44)
cfn=(180)
calls=1 +26 
* 2
* 1
+2 7
+2 4
+2 4
+1 3

fl=(75) /build/buildd/eglibc-2.19/malloc/arena.c
fn=(1320) ptmalloc_unlock_all
260 4
cfi=(44)
cfn=(180)
calls=2 55 
* 4
* 2
+3 6
+3 4
+3 8
+1 2
+2 2
-2 4
+1 6
+1 4
+2 8
+1 2
+1 4
+3 8
+1 4

fn=(396) ptmalloc_init.part.6
371 6
cfi=(44)
cfn=(180)
calls=1 55 
* 2
* 2
+13 1
-8 1
+8 2
+7 3
+1 1
-1 1
+1 12
cfi=(78) /build/buildd/eglibc-2.19/nptl/../nptl/sysdeps/unix/sysv/linux/register-atfork.c
cfn=(408) __linkin_atfork
calls=1 114 
* 16
+2 6
-58 50
+16 25
-18 78
455 2
+6 2
+1 2
+2 1
+1 6
-80 5
cfi=(76) /build/buildd/eglibc-2.19/elf/dl-addr.c
cfn=(398) _dl_addr
calls=1 126 
* 69992
* 3
+1 5
-49 2
+1 2

fn=(1314) ptmalloc_lock_all
222 10
cfi=(44)
cfn=(180)
calls=2 55 
* 4
* 4
+3 6
+3 12
+3 6
-3 2
-6 2
+20 2
-20 4
+20 12
+1 2
+1 4
+3 2
+5 2
-5 4
+1 6
+1 4
+1 4
+2 2
+1 2
-1 2
+3 2
+1 12

fl=(80) /build/buildd/eglibc-2.19/misc/sbrk.c
fn=(418) sbrk
34 10
cfi=(44)
cfn=(180)
calls=2 +21 
* 4
* 6
+8 11
+4 4
+4 3
+3 4
cfi=(81) /build/buildd/eglibc-2.19/misc/../sysdeps/unix/sysv/linux/i386/brk.c
cfn=(420) brk
calls=1 -20 
* 20
* 2
+4 14
-14 2
cfi=(81)
cfn=(420)
calls=1 -10 
* 20
* 4

fl=(126) /build/buildd/eglibc-2.19/misc/err.c
fn=(1258) vwarnx
90 25
cfi=(44)
cfn=(180)
calls=5 -35 
* 10
* 20
+2 10
+3 5
-3 30
+12 30
cfi=(127) /build/buildd/eglibc-2.19/stdio-common/fprintf.c
cfn=(1260) fprintf
calls=5 -77 
* 4058
+1 10
+1 25
cfi=(128) /build/buildd/eglibc-2.19/stdio-common/vfprintf.c
cfn=(1262) vfprintf
calls=5 235 
* 5472
+1 5
fi=(130) /build/buildd/eglibc-2.19/misc/../libio/bits/stdio.h
-7 25
fe=(126)
+10 25
fi=(130)
-10 5
cfi=(84)
cfn=(1286) __overflow
calls=5 239 
* 890
fe=(126)

fn=(1256) warnx
159 5
+1 25
cfn=(1258)
calls=5 -70 
* 10645
+1 10

fl=(78)
fn=(408)
114 3
cfi=(44)
cfn=(180)
calls=1 -59 
* 2
* 1
+2 2
+1 6
+2 2

fl=(45) /build/buildd/eglibc-2.19/csu/../sysdeps/x86_64/multiarch/init-arch.c
fn=(182) __init_cpu_features
44 1
+8 1
-8 4
cfi=(44)
cfn=(180)
calls=1 +11 
* 2
* 2
+8 3
+3 1
-3 1
+3 5
+95 2
+1 9
+7 3
+21 1
+1 1
+2 2
+1 6
31 5
+6 1
+1 1
-1 1
-6 2
+32 1
-26 1
+1 1
+25 1
-25 1
+25 1
+1 1
-33 2
+33 1
+5 1
-12 1
+12 1
+3 4
+27 1
-42 1
+42 1

fl=(137) /build/buildd/eglibc-2.19/ctype/../include/ctype.h
fn=(1340) __ctype_b_loc
33 2
cfi=(110) /build/buildd/eglibc-2.19/signal/../sysdeps/unix/syscall-template.S
cfn=(1158) 0x0012722f
calls=2 +50 
* 4
* 2
+1 4
+1 2

fl=(136) /build/buildd/eglibc-2.19/stdio-common/_itoa.c
fn=(1322) _itoa_word
165 12
+3 3
-3 3
cfi=(44)
cfn=(180)
calls=3 55 
* 6
* 12
+3 12
+2 6
+9 114
+9 18

fl=(94) /build/buildd/eglibc-2.19/string/../sysdeps/i386/i686/multiarch/memset-sse2.S
fn=(728) __memset_sse2
90 11
+2 11
+4 11
+1 11
+2 11
+1 11
+1 11
+2 11
+1 11
+1 20
cfi=(44)
cfn=(180)
calls=9 -50 
* 18
* 36
+76 2
+2 2
+1 2
+1 4
-2 1
+1 1
+1 2
+16 2
+2 2
+1 2
+1 4
+14 2
+2 2
+2 2
+1 2
+1 2
+1 4
-5 1
+2 1
+1 1
+1 1
+1 2
-3 1
+1 1
+1 1
+1 2
+9 2
+1 2
+2 2
+1 2
+13 2
+1 2
+12 2
cfi=(44)
cfn=(180)
calls=2 55 
* 4
+1 2
+1 2
+6 2
+1 2
+10 2
cfi=(44)
cfn=(180)
calls=2 55 
* 4
+1 2
+1 2
+8 2
+1 2
+2 2
+1 2
+1 2
+1 2
+1 2
+1 2
+1 2
+1 2
+1 2
+1 2
+1 2
-10 3
+1 3
+1 3
+1 3
+1 3
+1 3
+1 3
+1 3
+1 3
+1 3
+1 3
+3 4
+1 4
+1 4
+1 4
+1 4
+1 4
+1 4
+1 4
+1 4
+1 4
+1 4
+3 2
+1 2
cfi=(44)
cfn=(180)
calls=2 55 
* 4
* 8
538 1
+1 2
782 1
+2 1
+2 1
+1 1
+1 1
+1 2

fl=(71) /build/buildd/eglibc-2.19/setjmp/../sysdeps/i386/bsd-_setjmp.S
fn=(368) _setjmp
33 1
+1 1
+3 1
+1 1
+1 1
+1 1
+2 2
+2 1
+1 1
+3 2
+2 1
+1 1
+2 1
+1 1

fl=(131) /build/buildd/eglibc-2.19/signal/../sysdeps/posix/signal.c
fn=(1292) signal
32 14
cfi=(44)
cfn=(180)
calls=2 +23 
* 4
* 2
+4 10
+6 2
+1 6
-1 2
+1 68
fi=(132) /build/buildd/eglibc-2.19/signal/../sysdeps/unix/sysv/linux/bits/sigset.h
+74 10
-1 2
fe=(131)
-69 2
-1 8
+1 10
cfi=(133) /build/buildd/eglibc-2.19/signal/../nptl/sigaction.c
cfn=(1296) sigaction
calls=2 -11 
* 316
+3 6
+1 12

fl=(90) /build/buildd/eglibc-2.19/string/../sysdeps/i386/i686/multiarch/strlen-sse2-bsf.S
fn=(654) __strlen_sse2_bsf
42 122
+1 61
+1 61
+1 61
+1 61
+1 61
+1 61
+1 61
+1 60
+1 60
+1 60
+1 60
+1 60
+1 14
+1 14
+1 14
+3 1
+1 1
+1 1
+1 1
+1 1
+1 1
+1 1
+1 1
+1 1
+2 14
+1 14
+1 14
+1 42
+3 14
+1 14
+1 14
+1 14
+2 4
+1 4
+1 4
+1 4
+2 2
+1 2
+1 2
+1 2
+2 2
+1 2
+1 2
+1 2
+1 2
+2 3
+2 3
+1 3
+1 9
-2 46
+1 46
+1 138
+2 10
+1 10
+1 10
+1 10
+1 30
+2 2
+1 2
+1 2
+1 2
+1 6

fl=(116) /build/buildd/eglibc-2.19/time/../sysdeps/unix/sysv/linux/time.c
fn=(1180) time
30 1
-2 1
+2 4
cob=(1)
cfi=(1)
cfn=(422)
calls=1 -30 
* 2
* 1
+2 2
+3 1

fl=(143) /build/buildd/eglibc-2.19/posix/../sysdeps/unix/syscall-template.S
fn=(1458) __waitpid_nocancel
81 6
cob=(1)
cfi=(1)
cfn=(422)
calls=1 -81 
* 2
* 3
+1 1
cfi=(110)
cfn=(1158)
calls=1 +1 
* 2
* 7

fn=(1456) waitpid
81 2
cfn=(1458)
calls=1 * 
* 21

fl=(79) /build/buildd/eglibc-2.19/malloc/morecore.c
fn=(416) __default_morecore
46 2
+1 6
cfi=(80)
cfn=(418)
calls=2 -13 
* 104
+2 6
+3 4

fl=(95) /build/buildd/eglibc-2.19/libio/iofgets.c
fn=(744) fgets
35 98
cfi=(44)
cfn=(180)
calls=14 +20 
* 28
* 28
+5 28
+2 28
+8 252
+6 14
-2 14
+2 14
-1 14
-1 14
+1 14
+1 84
cfi=(96)
cfn=(746)
calls=14 -19 
* 2973
+3 42
+2 1
+6 1
+2 1
-2 1
fi=(102) /build/buildd/eglibc-2.19/libio/libioP.h
904 2
fe=(95)
67 13
+2 13
-2 13
fi=(102)
904 26
+1 154
fe=(95)
69 14
+1 84
-11 26
+5 52

fl=(98) /build/buildd/eglibc-2.19/io/../sysdeps/unix/sysv/linux/fxstat64.c
fn=(762) __fxstat64@@GLIBC_2.2
33 3
+2 3
-2 3
cfi=(44)
cfn=(180)
calls=3 +22 
* 6
* 3
+2 12
cob=(1)
cfi=(1)
cfn=(422)
calls=3 -35 
* 6
* 9
+6 6

fl=(148) /build/buildd/eglibc-2.19/nptl/../nptl/sysdeps/unix/sysv/linux/unregister-atfork.c
fn=(1510) __unregister_atfork
28 18
cfi=(44)
cfn=(180)
calls=3 +27 
* 6
* 9
+8 3
+3 6
+1 6
+5 3
-6 6
+82 18

fl=(85) /build/buildd/eglibc-2.19/libio/fileops.c
fn=(1090) _IO_file_finish@@GLIBC_2.1
202 6
+1 4
+6 4
+1 4
-1 2
cfi=(84)
cfn=(1092) _IO_default_finish
calls=2 686 
* 80

fn=(1276) new_do_write
521 90
+2 30
+15 105
cfn=(1278) _IO_file_write@@GLIBC_2.1
calls=15 1254 
* 750
* 15
+1 45
+6 15
-4 15
+4 15
-4 45
+1 30
+3 15
-2 15
-5 15
+9 75
-17 15
+3 15
-3 45
+14 30

fn=(760) _IO_file_stat
1222 2
+1 14
cfi=(98)
cfn=(762)
calls=2 33 
* 34
+1 4

fn=(1078) _IO_file_close_it@@GLIBC_2.1
158 10
+2 6
+4 2
+3 2
-3 2
-1 4
+6 2
+3 2
-3 2
cfi=(84)
cfn=(1080) _IO_unsave_markers
calls=2 1119 
* 16
+3 4
+4 6
+9 10
cfi=(84)
cfn=(766) _IO_setb
calls=2 399 
* 94
+1 6
+1 6
+2 4
cfi=(84)
cfn=(1076) _IO_un_link
calls=2 60 
* 36
+5 4
-4 2
+4 2
-3 2
+1 4
+3 10
-23 8
cfn=(1082) _IO_file_close
calls=2 1245 
* 28
* 4

fn=(770) _IO_file_read
1201 12
+3 18
cfi=(86) /build/buildd/eglibc-2.19/io/../sysdeps/unix/syscall-template.S
cfn=(772) read
calls=2 81 
* 28
* 6
cfi=(86)
cfn=(774) __read_nocancel
calls=2 81 
* 24

fn=(1278)
1254 60
+2 15
-2 30
+2 60
+11 15
+1 15
-12 30
+5 105
cfi=(86)
cfn=(1280) write
calls=15 81 
* 210
+1 30
+9 60
+3 120

fn=(1272) _IO_file_overflow@@GLIBC_2.1
824 105
cfi=(44)
cfn=(180)
calls=15 55 
* 30
* 30
+1 45
+7 86
+35 30
+3 10
+3 20
+1 15
+5 10
+1 90
-45 3
+12 2
+9 4
+4 1
+4 1
-3 2
+2 2
+1 1
-6 1
+1 1
+4 1
+1 3
+1 2
+12 10
-1 10
+1 5
-1 10
cfn=(1274) _IO_do_write@@GLIBC_2.1
calls=5 509 
* 545
* 10
-7 10
-1 10
+1 10
-1 30
cfn=(1274)
calls=10 509 
* 90
* 10
-31 2
cfi=(84)
cfn=(756) _IO_doallocbuf
calls=1 414 
* 46
+1 6

fn=(1270) _IO_file_xsputn@@GLIBC_2.1
1281 10
+7 10
-7 60
cfi=(44)
cfn=(180)
calls=10 55 
* 20
* 20
+6 20
+7 40
+17 40
+44 20
+1 60
-45 20
+17 30
+4 50
cfn=(1272)
calls=10 824 
* 514
* 20
+6 10
+1 10
-1 10
+1 20
+2 30
+11 20
-9 50
cfn=(1276)
calls=10 521 
* 920
+2 10
-1 10
+1 20

fn=(1274)
509 15
+2 15
-2 30
+2 50
cfn=(1276)
calls=5 +10 
* 460
* 20
+1 45

fn=(472) _IO_file_fopen@@GLIBC_2.1
254 12
+11 2
-11 2
cfi=(44)
cfn=(180)
calls=2 55 
* 4
* 4
+11 4
+2 6
+7 2
-19 2
+37 40
-2 6
+43 24
cfn=(474) _IO_file_open
calls=2 221 
* 155
+3 2
-3 2
+3 2
+17 10
cfi=(87) /build/buildd/eglibc-2.19/string/strstr.c
cfn=(480) strstr
calls=2 53 
* 74
+1 2
-1 2
+1 2
-62 6
+32 1
-2 1
+2 1
+1 1
-17 2
+10 2
+1 1
-48 2
-16 2
+15 4
+84 2
+77 12

fn=(1082)
1245 8
cfi=(86)
cfn=(1084) __close_nocancel
calls=2 81 
* 20

fn=(468) _IO_file_init@@GLIBC_2.1
143 6
+5 2
-1 4
+3 4
cfi=(84)
cfn=(470) _IO_link_in
calls=2 -51 
* 174
+1 2
+1 6

fn=(754) _IO_file_underflow@@GLIBC_2.1
552 28
cfi=(44)
cfn=(180)
calls=4 55 
* 8
* 4
+8 12
+6 12
+3 12
+13 8
+20 8
cfi=(84)
cfn=(768) _IO_switch_to_get_mode
calls=4 182 
* 88
+6 4
+5 8
-5 8
+1 4
+4 4
-2 4
-1 8
+3 20
cfn=(770)
calls=4 1201 
* 88
+2 8
+10 4
-3 2
+3 8
+2 4
+1 12
-11 2
+1 2
+10 2
-4 2
+4 10
-56 6
+5 4
cfi=(84)
cfn=(756)
calls=2 414 
* 294
* 4

fn=(474)
221 12
cfi=(44)
cfn=(180)
calls=2 55 
* 4
* 4
+4 2
-4 4
+4 2
-4 2
+4 2
-1 2
+1 2
-1 2
+4 4
cfi=(86)
cfn=(476) open
calls=1 81 
* 14
* 1
+4 4
+3 4
+1 2
-1 2
-1 2
+1 4
+1 2
-1 2
+1 2
+7 4
cfi=(84)
cfn=(470)
calls=2 99 
* 38
+1 2
+1 12
-20 4
cfi=(86)
cfn=(478) __open_nocancel
calls=1 81 
* 12
* 2

fl=(114) /build/buildd/eglibc-2.19/inet/../sysdeps/unix/sysv/linux/check_pf.c
fn=(1170) __check_pf
312 1
+7 1
-7 1
+7 1
-7 6
cfi=(44)
cfn=(180)
calls=1 55 
* 2
* 1
+1 1
+1 1
+5 4
99 3
328 4
cfi=(115) /build/buildd/eglibc-2.19/socket/../sysdeps/unix/sysv/linux/i386/socket.S
cfn=(1172) socket
calls=1 50 
* 11
+2 1
-2 1
+2 1
+3 1
+1 1
+4 3
-5 1
+5 1
-5 2
+1 1
+2 1
+2 1
cfi=(115)
cfn=(1174) bind
calls=1 50 
* 11
* 3
+5 4
cob=(1)
cfi=(1)
cfn=(422)
calls=1 0 
* 2
* 1
+3 2
+2 1
+1 1
+4 4
+2 2
+3 1
+3 1
-3 2
+1 3
+1 1
+3 1
-3 1
+1 1
+2 1
+11 6
-35 5
cfi=(115)
cfn=(1176) getsockname
calls=1 50 
* 11
* 2
+2 3
cfn=(1178) make_request
calls=1 110 
* 1578
* 2

fn=(1218) __free_in6ai
379 5
cfi=(44)
cfn=(180)
calls=1 55 
* 2
* 1
+1 2
+2 1
+4 4
+11 4

fn=(1178)
110 5
+13 1
-13 2
cfi=(44)
cfn=(180)
calls=1 -55 
* 2
* 2
+16 1
-3 1
+1 1
-14 1
+12 1
+2 1
+1 1
+1 1
cfi=(116)
cfn=(1180)
calls=1 -96 
* 12
+6 1
-5 1
+3 1
+2 2
-6 1
+4 2
+3 2
+2 1
cfi=(117) /build/buildd/eglibc-2.19/misc/../sysdeps/unix/sysv/linux/getpagesize.c
cfn=(1182) getpagesize
calls=1 28 
* 13
fi=(118) /build/buildd/eglibc-2.19/inet/../nptl/sysdeps/pthread/allocalim.h
28 1
fe=(114)
135 1
fi=(118)
28 1
fe=(114)
140 6
-4 1
+14 7
+2 8
cfi=(115)
cfn=(1186) sendto
calls=1 45 
* 13
* 12
+17 30
+8 12
cfi=(115)
cfn=(1188) recvmsg
calls=3 45 
* 39
* 6
+1 6
+3 6
+4 6
+1 18
+77 9
-77 3
+77 9
-76 35
-2 14
+1 24
+3 42
+1 21
+3 21
+70 6
+42 6
-39 12
+3 3
+28 1
+2 1
-2 1
-98 12
+1 6
-1 12
-2 6
+8 6
-8 6
+8 42
-9 42
+11 18
+14 18
-7 18
+11 6
+4 6
-4 6
+8 12
+1 3
+4 18
+1 3
+3 6
+2 3
-5 15
+9 3
-9 3
+7 6
+1 6
+1 3
-10 18
+1 3
+3 6
+2 3
-5 15
+9 3
-9 3
+7 6
+1 6
+1 3
+5 2
-3 2
+3 2
-3 2
+1 2
+1 2
+1 4
+4 4
+2 4
-2 12
+2 8
-2 8
-1 64
-23 6
+1 6
+35 2
+3 2
-1 3
cfi=(73) /build/buildd/eglibc-2.19/malloc/malloc.c
cfn=(392) malloc
calls=1 2876 
* 294
* 1
+2 1
-2 1
+2 1
90 1
cfi=(119) /build/buildd/eglibc-2.19/nscd/nscd_gethst_r.c
cfn=(1190) __nscd_get_nl_timestamp
calls=1 +12 
* 238
277 1
+2 1
+1 1
-4 1
+2 5
+6 13
+1 1
+2 2
-3 65
+1 5
+2 11
-58 12

fl=(113) /build/buildd/eglibc-2.19/string/../sysdeps/i386/i686/multiarch/../../i586/strchr.S
fn=(1168) __GI_strchr
45 65
+2 65
+3 65
+2 65
+3 65
+1 65
+2 65
+2 65
+6 65
+1 65
+2 65
+1 65
+2 65
+1 65
+2 65
+43 65
+1 65
+2 65
+1 65
+25 65
+1 65
+2 65
+1 65
+2 65
+1 65
+2 65
+1 65
+2 52
+1 52
+2 52
+1 52
+2 52
+1 52
+2 52
+1 52
+2 52
+1 52
+2 52
+1 52
+95 52
+1 52
+2 52
+15 65
+3 65
+4 65
+3 65
+4 65
+9 13
+1 13
+2 13
+2 1
+1 1
+2 1
+2 1
+1 1
+2 1
+1 1
+17 1
+1 1

fl=(110)
fn=(1158)
83 14

fl=(138)
fn=(1346)
28 2
cfi=(44)
cfn=(180)
calls=1 +27 
* 2
* 1
+4 1
+1 1
+2 1
+1 1
+1 1
+1 1
+1 1
+1 1
+2 1
+3 1

fl=(84)
fn=(466) _IO_old_init
610 2
-1 2
+1 4
+16 2
-15 2
+1 2
+1 2
+1 2
+1 2
+1 2
+1 2
+1 2
+1 2
+1 2
+2 2
+1 2
+1 2
+1 2
+1 2
+2 2
+3 6
+1 8

fn=(1584) _IO_cleanup
1010 5
cfi=(44)
cfn=(180)
calls=1 55 
* 2
* 2
+3 1
-51 1
+51 1
cfn=(1586) _IO_flush_all_lockp
calls=1 822 
* 90
-63 2
+63 1
-63 2
+2 9
+2 2
-1 4
+3 3
+34 3
-40 9
+75 7

fn=(470)
99 28
cfi=(44)
cfn=(180)
calls=4 -44 
* 8
* 4
+1 12
+4 2
-2 4
+2 10
+1 22
+2 2
-1 2
-1 6
+2 32
+2 2
-2 2
+4 2
+2 2
-4 2
+1 2
+3 8
+2 4
-1 2
+1 14
+1 4
+3 24
-6 12

fn=(766)
399 25
cfi=(44)
cfn=(180)
calls=5 55 
* 10
* 5
+1 24
+2 10
+1 10
+1 15
+3 6
+1 12
-3 4
+3 8
-7 14
cfi=(105) /build/buildd/eglibc-2.19/misc/../sysdeps/unix/syscall-template.S
cfn=(1086) munmap
calls=2 81 
* 22
* 4

fn=(1076)
60 42
cfi=(44)
cfn=(180)
calls=6 -5 
* 12
* 6
+1 12
+4 12
+1 20
+2 2
-2 2
+1 2
+1 22
+2 6
+2 4
+13 2
+2 2
-2 2
+2 5
+2 2
-1 2
+1 12
+1 4
+3 36
-6 6
-13 2
+1 2
-1 4

fn=(756)
414 9
+1 9
+6 6
-4 9
+1 8
cfi=(97) /build/buildd/eglibc-2.19/libio/filedoalloc.c
cfn=(758) _IO_file_doallocate
calls=2 96 
* 260
* 4
+2 7
cfn=(766)
calls=1 -21 
* 25
+1 3

fn=(1318) _IO_list_unlock
1309 2
cfi=(110)
cfn=(1158)
calls=2 83 
* 4
* 2
+2 16

fn=(1092)
686 10
cfi=(44)
cfn=(180)
calls=2 55 
* 4
* 2
+2 6
+6 6
+3 6
+6 2
+6 6
-6 2
cfn=(1076)
calls=2 60 
* 36

fn=(1164) __underflow
330 10
cfi=(44)
cfn=(180)
calls=2 55 
* 4
* 2
+2 17
+4 3
+2 4
+3 6
+2 4
+6 6
+7 8
cfi=(85)
cfn=(754)
calls=2 552 
* 342
+1 8
-25 2
+4 4
+18 6

fn=(1080)
1119 2
+2 6
+19 6
+1 2

fn=(1586)
822 7
cfi=(44)
cfn=(180)
calls=1 55 
* 2
* 1
+6 3
+6 1
-1 1
-10 1
+12 2
+4 3
-1 1
-1 1
+1 3
-1 2
+1 2
+3 9
+10 6
+4 3
-2 3
+2 6
-20 6
+31 2
+2 3
+4 7
-10 6
-21 9

fn=(752) _IO_default_uflow
434 6
+1 8
cfi=(85)
cfn=(754)
calls=2 552 
* 350
+1 4
+2 4
+1 6
-2 2

fn=(464) _IO_no_init
643 12
cfi=(44)
cfn=(180)
calls=2 55 
* 4
* 4
+1 2
-1 4
+1 6
cfn=(466)
calls=2 -34 
* 56
+3 2
-2 2
+2 2
+15 2
-13 2
+1 2
+1 2
+1 2
+1 2
+1 2
+1 2
+1 2
+1 2
+1 2
+1 2
+1 2
+2 2
+7 2
+1 12

fn=(768)
182 12
+1 12
+3 12
+4 4
+1 4
-1 4
+1 4
+7 4
-4 4
+2 8
+3 4
-1 4
+2 12

fn=(750)
363 10
cfi=(44)
cfn=(180)
calls=2 55 
* 4
* 2
+2 16
+6 4
+3 6
+2 4
+6 6
+7 8
cfn=(752)
calls=2 +45 
* 380
+1 8
-25 4
+4 8
+18 6

fn=(1268) _IO_default_xsputn
447 36
+4 36
-4 144
+3 36
-3 36
cfi=(44)
cfn=(180)
calls=36 55 
* 72
* 108
+3 120
+5 96
+2 72
+3 48
+10 96
+5 72
-1 48
+1 357
-1 334
+4 24
+2 48
+4 48
+1 216

fn=(1316) _IO_list_lock
1300 4
cfi=(44)
cfn=(180)
calls=2 55 
* 4
* 2
+2 22
+2 4

fn=(1286)
239 25
cfi=(44)
cfn=(180)
calls=5 55 
* 10
* 5
+2 15
+2 30
cfi=(85)
cfn=(1272)
calls=5 824 
* 785
+1 20

fl=(117)
fn=(1182)
28 2
cfi=(44)
cfn=(180)
calls=1 +27 
* 2
* 2
+1 4
+2 3

fl=(76)
fn=(398)
126 7
cfi=(44)
cfn=(180)
calls=1 -71 
* 2
* 5
+5 5
cob=(1)
cfi=(2)
cfn=(50)
calls=1 837 
* 3
+2 2
cob=(1)
cfi=(77)
cfn=(406)
calls=1 +45 
* 54
cob=(1)
cfi=(64)
cfn=(292)
calls=1 28 
* 1451
* 5
+2 1
-2 2
+2 1
30 1
+1 1
-1 1
+1 1
+3 2
+5 2
+6 1
-6 1
+6 1
-6 1
-1 1
+2 3
+2 3
+3 1
+5 9
+2 2
+1 2
-1 2020
+1 2020
+2 3644
+6 13168
+2 11905
+1 19684
+7 12916
-21 3033
+49 3
+1 2
+1 3
+3 3
+37 5
cob=(1)
cfi=(2)
cfn=(52)
calls=1 843 
* 3
+3 7
-28 1
+22 1
-22 1
+1 2

fl=(108) /build/buildd/eglibc-2.19/stdlib/strtol_l.c
fn=(1148) ____strtoul_l_internal
232 5
+26 1
-12 1
-14 1
cfi=(44)
cfn=(180)
calls=1 55 
* 2
* 1
+26 1
-12 1
+12 1
+22 1
-1 1
+10 4
+9 9
+2 2
+5 2
+5 1
+1 3
-7 1
+10 5
+10 3
+7 2
-79 1
376 1
+3 1
+1 1
-1 1
+1 1
+4 1
+54 2
+2 3
+16 1
-73 1
+73 1
-14 2
-60 1
+60 1
-2 6
-2 3
+4 9
+28 12
+3 16
+5 4
-40 4
+41 4
-41 13
+46 2
+5 3
+1 2
+12 3
+11 6
+18 6
334 2
-20 4

fl=(74) /build/buildd/eglibc-2.19/malloc/hooks.c
fn=(394) malloc_hook_ini
29 3
cfi=(44)
cfn=(180)
calls=1 +26 
* 2
* 3
+1 2
fi=(75)
373 3
fe=(74)
32 1
cfi=(75)
cfn=(396)
calls=1 371 
* 70228
* 1
+1 3
-1 1
cfi=(73)
cfn=(393) malloc'2
calls=1 2876 
* 1112

fl=(56)
fn=(240)
77 3
cfi=(44)
cfn=(180)
calls=1 -22 
* 2
* 1
+1 3
+13 3

fl=(121) /build/buildd/eglibc-2.19/nscd/nscd_helper.c
fn=(1194) __nscd_get_mapping
283 3
+4 1
-4 3
cfi=(44)
cfn=(180)
calls=1 55 
* 2
* 2
+3 3
cfi=(67) /build/buildd/eglibc-2.19/string/../sysdeps/i386/i686/multiarch/../../i586/strlen.S
cfn=(300) __GI_strlen
calls=1 43 
* 33
+1 2
-1 2
+4 4
-3 1
+6 1
-3 1
+3 2
-7 1
+7 1
cfn=(1196) open_socket
calls=1 165 
* 117
-9 1
+10 1
-1 1
+1 1
411 3
+3 1
+1 1
-1 1
+1 1
+2 2
+4 7

fn=(1196)
165 6
cfi=(44)
cfn=(180)
calls=1 55 
* 2
* 5
+5 3
+3 4
cfi=(115)
cfn=(1172)
calls=1 50 
* 11
* 1
+2 4
+7 2
+4 2
+7 1
+5 1
-5 6
+5 1
-5 2
+1 2
+4 1
+7 2
+1 1
+1 4
-1 6
+1 1
cfi=(115)
cfn=(1198) connect
calls=1 45 
* 22
* 3
+59 6
-90 5
+32 4
+55 4
cob=(1)
cfi=(1)
cfn=(422)
calls=1 0 
* 2
* 1
+2 2

fl=(70) /build/buildd/eglibc-2.19/stdlib/cxa_atexit.c
fn=(348) __new_exitfn
73 1
+6 1
-6 1
+6 1
-6 4
cfi=(44)
cfn=(180)
calls=1 -18 
* 2
* 1
+6 4
+2 5
-7 3
+9 3
-2 2
+10 1
-10 2
+45 1
+1 2
+3 4
+3 7
-21 1
+1 2

fn=(346) __cxa_atexit
57 2
cfi=(44)
cfn=(180)
calls=1 -2 
* 2
* 2
-22 3
cfn=(348)
calls=1 +38 
* 48
+2 2
+4 3
+2 1
+1 2
+1 2
+2 1
+1 1
+11 3

fl=(101)
fn=(778)
40 88
+1 88
+1 88
+1 88
+2 88
+1 88
+1 88
+1 88
+1 88
+1 88
+2 31
+1 31
+2 24
+1 24
+1 1
+1 1
+1 1
+1 1
+1 1
+1 1
+1 1
+1 1
+1 1
+1 1
+1 1
+1 1
+1 1
+1 1
+1 1
-4 23
+1 23
+1 23
+1 23
+1 254
+2 24
+1 42
+2 24
+2 24
+1 24
+1 24
+2 24
-4 64
+1 64
+1 64
+2 64
+6 64
+1 64
+1 31
+1 31
+1 31
-1 33
+1 33
+1 40
+1 602
+2 64

fl=(86)
fn=(476)
81 2
cfn=(478)
calls=1 * 
* 12

fn=(774)
81 24
cob=(1)
cfi=(1)
cfn=(422)
calls=4 -81 
* 8
* 16

fn=(1282) __write_nocancel
81 90
cob=(1)
cfi=(1)
cfn=(422)
calls=15 -81 
* 30
* 60

fn=(1084)
81 28
cob=(1)
cfi=(1)
cfn=(422)
calls=7 -81 
* 14
* 28

fn=(1328) close
81 10
cfn=(1084)
calls=5 * 
* 50

fn=(772)
81 4
cfn=(774)
calls=2 * 
* 24

fn=(478)
81 12
cob=(1)
cfi=(1)
cfn=(422)
calls=2 -81 
* 4
* 8

fn=(1280)
81 30
cfn=(1282)
calls=15 * 
* 180

fl=(69) /build/buildd/eglibc-2.19/csu/libc-start.c
fn=(344) (below main)
133 5
cfi=(44)
cfn=(180)
calls=1 -78 
* 2
* 4
+4 4
+82 1
-82 1
+82 1
+1 4
cfi=(70)
cfn=(346)
calls=1 57 
* 72
+22 4
+3 2
+1 8
cob=(7)
cfi=(68)
cfn=(350) __libc_csu_init
calls=1 0 
* 59
+4 4
+15 2
+9 3
cfi=(71)
cfn=(368)
calls=1 33 
* 16
+1 2
+5 2
+1 2
+3 2
+3 8
cob=(7)
cfi=(72) /home/httpd/lab/zookld.c
cfn=(370) main
calls=1 34 
* 198395
+34 2
cfi=(144) /build/buildd/eglibc-2.19/stdlib/exit.c
cfn=(1464) exit
calls=1 103 
* 6193
137 2

fl=(104) /build/buildd/eglibc-2.19/libio/iofclose.c
fn=(1074) fclose@@GLIBC_2.1
40 14
cfi=(44)
cfn=(180)
calls=2 +15 
* 4
* 2
+9 4
+5 8
+3 21
+4 3
-3 2
+3 3
-3 2
fi=(102)
904 4
+1 12
fe=(104)
63 5
cfi=(85)
cfn=(1090)
calls=1 202 
* 50
* 5
cfi=(85)
cfn=(1090)
calls=1 202 
* 50
+1 6
+18 2
+6 2
-6 10
+2 2
+1 6
cfi=(73)
cfn=(894) free
calls=2 2912 
* 277
cob=(1)
cfi=(64)
cfn=(292)
calls=1 -57 
* 679
* 6
* 2
+4 12
-10 6
-24 4
cfi=(84)
cfn=(1076)
calls=2 +5 
* 151
* 6
+4 4
cfi=(85)
cfn=(1078)
calls=2 +99 
* 278
* 6

fl=(49)
fn=(194)
58 4
cfi=(44)
cfn=(180)
calls=2 -3 
* 4
* 2
+4 2
+1 2
+2 2
+1 2
+1 2
+1 2
+1 2
+1 2
+4 2
+3 2

fl=(127)
fn=(1260)
27 5
+4 5
+1 30
cfi=(128)
cfn=(1262)
calls=5 235 
* 4008
+4 10

fl=(129) /build/buildd/eglibc-2.19/string/../sysdeps/i386/strchrnul.S
fn=(1266) strchrnul
34 23
+4 23
+1 23
+6 23
+1 23
+1 23
+1 23
+13 23
+1 23
+1 19
+1 19
+1 19
+1 12
+1 12
+1 9
+2 9
+1 9
+1 2
+1 2
+1 2
+1 2
+1 2
+1 2
+2 2
+1 2
+41 2
+2 2
+1 2
+2 2
+1 2
+10 2
-14 13
+1 13
+2 13
+1 13
+10 13
+4 15
+3 15
+1 15
+4 15
+6 10
+1 10
+1 10
+3 10
+1 10
+1 10
+1 10
+2 10
+2 5
+1 5
+2 5
+1 5
+3 5
+1 5
+1 5
+1 5
+2 5
+1 3
+1 3
+1 3
+3 3
+1 3
+1 3
+1 3
+2 3
+2 3
+1 3
+2 3
+1 3
+3 3
+1 3
+1 3
+1 3
+2 3
+1 2
+1 2
+1 2
+3 2
+1 2
+1 2
+1 2
+2 2
+2 2
+1 2
+2 2
+1 2
+3 2
+1 2
+1 2
+1 2
+2 2
+1 2
+1 2
+1 2
+3 2
+1 2
+1 2
+1 2
+2 2
+3 1
+1 1
+6 1
+1 1
-7 2
+6 2
+1 2
-1 10
+1 10
+1 11
+1 11
+1 9
+2 9
+1 9
+1 2
+1 2
+1 2
+2 2
+1 2
+1 2
+7 23
+4 23

fl=(67)
fn=(300)
43 2
+1 2
+2 2
+2 2
+1 2
+2 1
+1 1
+2 1
+1 1
+2 1
+2 1
+1 1
+2 1
+2 2
+1 2
+2 2
+1 2
+26 2
+1 2
+2 2
+1 2
+2 2
+1 2
+2 2
+2 2
+2 2
+3 2
+1 2
+2 2
+1 2
+2 2
+1 2
+2 2
+2 2
+2 2
+3 1
+1 1
+2 1
+1 1
+2 1
+1 1
+2 1
+2 1
+2 1
+3 1
+1 1
+2 1
+1 1
+2 1
+1 1
+2 1
+2 1
+2 1
+3 2
+1 2
+2 2
+1 2
+15 2
+3 2

fl=(99) /build/buildd/eglibc-2.19/misc/../sysdeps/unix/sysv/linux/i386/mmap.S
fn=(764) mmap
29 2
+2 2
+2 2
+2 2
+3 2
+2 2
+1 2
+1 2
+2 2
+2 2
+2 2
+1 2
+1 2
+1 2
+2 2
+3 2
cob=(1)
cfi=(1)
cfn=(422)
calls=2 -56 
* 4
+3 2
+3 2
+3 2
+3 2
+5 2
+1 2
+3 2

fl=(103) /build/buildd/eglibc-2.19/string/../sysdeps/i386/i686/multiarch/strcmp-ssse3.S
fn=(990) __strcmp_ssse3
233 24
+1 24
+6 24
+1 24
+1 24
+1 24
+1 24
+2 24
+1 24
+1 24
+1 24
+1 24
+2 24
+1 24
+1 24
+1 24
+1 24
+2 24
+1 24
+1 24
+1 24
+1 24
+2 18
+1 18
+1 18
+1 18
+1 18
+2 10
+1 10
+1 10
+1 10
+1 10
+2 8
+1 8
+1 8
+1 8
+1 8
+2 8
+1 8
+1 8
+1 8
+1 8
+2 8
+1 8
+2 8
+1 8
+1 8
+1 8
+1 8
+1 8
+1 8
+1 8
+1 8
+1 8
+1 8
+1 8
+1 8
+21 8
+1 8
+1 8
+1 8
+1 8
+1 8
2137 8
+1 8
+2 8
+1 8
+2 8
+1 8
+2 6
+1 6
+59 2
+1 2
+12 2
+1 2
+7 6
+1 6
+12 6
+1 6
2428 16
+1 16

fl=(112) /build/buildd/eglibc-2.19/libio/iogetdelim.c
fn=(1162) getdelim
45 330
+5 66
-5 66
cfi=(44)
cfn=(180)
calls=66 +10 
* 132
* 132
+5 330
+6 330
+1 132
+6 524
+2 2
+1 2
cfi=(73)
cfn=(392)
calls=1 2876 
* 167
* 1
* 1
+1 1
-1 1
+1 1
+7 198
+1 132
-30 130
+70 390
cfi=(101)
cfn=(778)
calls=65 -75 
* 2078
+3 65
-2 65
+2 130
-29 325
cfi=(100)
cfn=(776)
calls=65 -47 
* 8292
+1 65
-1 65
+1 65
+1 195
+1 260
+8 65
-1 65
+1 65
-1 195
+1 325
fi=(102)
904 66
fe=(112)
127 66
fi=(102)
904 66
fe=(112)
128 396
-6 390
-45 4
cfi=(84)
cfn=(1164)
calls=2 330 
* 426
* 6
+32 2
-27 4

fl=(87)
fn=(480)
53 10
+10 2
-10 2
cfi=(44)
cfn=(180)
calls=2 +2 
* 4
* 2
+10 12
-5 2
+5 3
+1 10
-1 6
+2 4
+24 2
-23 2
+23 10
-26 1
-5 2

fl=(135) /build/buildd/eglibc-2.19/posix/../nptl/sysdeps/unix/sysv/linux/i386/../fork.c
fn=(1312) fork
54 12
cfi=(44)
cfn=(180)
calls=2 +1 
* 4
* 4
+11 6
+5 2
+2 4
+7 12
+15 6
+1 2
cfi=(75)
cfn=(1314)
calls=2 222 
* 112
+3 6
+2 2
+5 2
-4 2
+5 6
+11 2
cfi=(84)
cfn=(1316)
calls=2 1300 
* 36
+3 4
+6 4
+1 4
+3 20
cob=(1)
cfi=(1)
cfn=(422)
calls=2 0 
* 4
* 6
+7 2
-7 2
+7 2
+74 6
+3 4
+3 2
cfi=(84)
cfn=(1318)
calls=2 1309 
* 24
+3 6
+7 4
-5 10
+1 2
cfi=(75)
cfn=(1320)
calls=2 +37 
* 72
* 2
+2 8
+4 4
-9 2
+9 2
-9 2
+14 14

fl=(125) /build/buildd/eglibc-2.19/io/../sysdeps/unix/sysv/linux/i386/fcntl.c
fn=(1234) fcntl
44 5
cfi=(44)
cfn=(180)
calls=1 +11 
* 2
* 1
+5 1
+3 3
+1 5
cob=(1)
cfi=(1)
cfn=(422)
calls=1 -53 
* 2
* 3
+9 5

fl=(43)
fn=(178)
28 2
cfi=(44)
cfn=(180)
calls=1 +27 
* 2
* 1
+4 1
+1 1
+1 1
cfi=(45)
cfn=(182)
calls=1 +10 
* 74
+1 1
+1 1
+1 1
+1 1
+1 1
+3 1

fl=(73)
fn=(894)
2912 150
cfi=(44)
cfn=(180)
calls=75 55 
* 150
* 225
+5 150
+1 150
+6 150
+3 68
+2 204
+16 204
+1 68
+1 136
-1 68
cfn=(896) _int_free
calls=68 3814 
* 5424
+1 21

fn=(414) malloc_init_state
1780 4
cfi=(44)
cfn=(180)
calls=1 55 
* 2
* 4
+8 3
-3 2
+3 378
-3 252
+7 3
+8 1
-4 1
+3 1
+1 1
-3 2
+3 2

fn=(410) _int_malloc
3302 450
cfi=(44)
cfn=(180)
calls=75 55 
* 150
* 75
+30 75
-30 75
+30 675
+8 75
-8 75
+8 75
+2 128
+2 64
-1 64
-1 64
+1 64
+5 128
+3 60
+1 12
-1 12
+1 24
+25 63
+2 63
-2 63
+2 124
+1 62
+2 186
+2 2
1862 15
3743 15
1862 30
3806 525
3421 3
+1 2
+1 2
cfn=(412) malloc_consolidate
calls=1 4104 
* 675
3790 378
+2 1449
3462 63
3792 126
3462 63
-20 126
+66 2
+1 2
+1 2
-2 2
+1 2
+51 12
+1 2
+6 2
-5 2
-1 2
+2 2
+1 2
+3 2
-7 12
+1 2
+6 2
-5 2
-1 2
+2 2
+1 2
+3 2
3442 201
+3 6
-1 6
+1 12
+1 12
+3 6
+10 24
+30 4
+4 4
-5 4
+1 4
+4 4
+13 8
+8 14
+1 2
+1 2
+3 4
+38 8
-96 5
-1 10
+1 8
+4 4
+1 2
+4 2
-3 4
+1 2
+1 4
+1 2
+6 14
1862 2
3476 6
+6 2
-6 2
+2 4
1862 2
3478 2
+1 2
1862 2
3576 122
+73 122
+2 122
+1 61
-2 61
+3 122
+5 433
+7 522
-3 696
3765 58
+1 174
+2 116
+17 2
3674 39
+2 78
-4 86
+8 4
+3 8
+2 1
+1 1
-1 1
+2 1
-2 2
+62 1
-80 9
+1 6
3355 60
3578 2
+3 3
3421 3
3692 9
+3 3
-3 3
+3 3
+5 3
-3 6
+3 30
+3 6
+10 3
+5 3
+1 3
-6 3
+6 6
+11 3
-6 3
+1 3
+1 3
+1 3
+3 3
+1 3
+1 6
+5 27
+2 9
+1 6
+30 57
+3 57
-3 57
+3 114
+2 57
-2 57
-2 57
+2 171
-1 57
+6 57
-5 57
1862 57
3775 57
1862 114
2271 6
+11 3
+78 2
+9 1
-9 1
+9 1
+9 4
2700 2
+1 1
+5 2
+3 2
+2 3
+3 2
-2 1
+1 1
+4 1
-3 3
+1 1
-1 3
+1 2
3801 2
1862 3
3766 1
-1 1
2272 2
2433 2
+19 1
-19 1
+9 5
+10 4
+8 1
-8 2
+8 1
+2 4
cfi=(79)
cfn=(416)
calls=1 46 
* 87
+4 2
-4 1
+4 1
+3 2
+1 2
+19 1
+27 3
+1 1
+1 2
+6 1
-6 1
+6 1
-31 2
+34 7
+36 2
+6 3
+19 1
+4 1
-1 2
+1 4
+2 1
-2 2
+2 1
+1 4
cfi=(79)
cfn=(416)
calls=1 46 
* 35
+12 2
+8 2
+1 3
+38 1
+2 1
-1 3
-1 1
+1 1
+12 1
-11 1
+11 2
-98 3
2369 3
3700 11

fn=(896)
3814 476
+13 68
-13 68
cfi=(44)
cfn=(180)
calls=68 55 
* 136
* 68
+13 136
+6 272
+1 136
+11 136
+13 136
+11 244
+1 244
+24 122
1869 183
3896 244
+1 122
+4 61
-3 61
-1 61
+10 244
-5 244
+14 266
+2 61
+2 366
+2 266
4087 366
3933 14
+1 7
3825 7
3934 14
+18 7
-4 7
+4 21
+6 14
+8 21
+6 14
+1 14
+1 21
1869 21
3983 14
+1 1
+2 1
-1 1
+2 10
+3 21
+5 14
+4 4
+8 8
+1 4
+1 8
-2 6
+1 3
+1 6
+7 7
-2 7
+1 7
+1 7
+2 2
+1 2
+2 4
+1 2
+2 6
+1 2
+30 4
-34 10
+1 5
+2 15
+1 5
+30 10
3943 49
+2 14
+51 36
+1 6
+78 21
+1 21
+1 35
+10 42
3960 21
-2 14

fn=(412)
4104 6
cfi=(44)
cfn=(180)
calls=1 55 
* 2
* 2
+22 3
+73 5
-3 1
cfn=(414)
calls=1 1780 
* 656

fn=(392)
2876 225
cfi=(44)
cfn=(180)
calls=75 55 
* 150
* 150
+5 150
+1 150
+3 222
+2 518
+4 222
cfn=(410)
calls=74 3302 
* 10149
+1 74
-1 74
+1 74
+11 296
+1 666
+3 300
-24 5
cfi=(74)
cfn=(394)
calls=1 29 
* 71359
* 1

fn=(393)
2876 3
cfi=(44)
cfn=(180)
calls=1 55 
* 2
* 2
+5 2
+1 2
+3 3
+2 7
+4 3
cfn=(410)
calls=1 3302 
* 1068
+1 1
-1 1
+1 1
+11 4
+1 9
+3 4

fl=(140)
fn=(1356)
68 2
cfi=(44)
cfn=(180)
calls=1 -13 
* 2
* 1
+4 1
+1 1
+2 1
+1 1
+1 1
+1 1
+1 1
+1 1
+1 1
+1 1
+1 1
+1 1
+3 1

fl=(59)
fn=(250)
41 2
cfi=(44)
cfn=(180)
calls=1 +14 
* 2
* 1
-8 4
+10 2

fl=(109) /build/buildd/eglibc-2.19/libio/fileno.c
fn=(1156) fileno
33 2
cfi=(110)
cfn=(1158)
calls=1 +50 
* 2
* 1
+3 5
+7 1

fl=(81)
fn=(420)
33 6
cfi=(44)
cfn=(180)
calls=2 +22 
* 4
* 2
+4 6
cob=(1)
cfi=(1)
cfn=(422)
calls=2 -37 
* 4
* 4
+2 4
+8 2
-6 4
+7 4

fl=(100)
fn=(776)
42 78
+2 78
+5 78
+1 78
+1 78
+5 78
+1 78
+6 78
+1 78
+1 78
+1 78
+7 78
+1 78
+1 58
+1 58
+1 56
+1 56
+1 56
+2 56
+1 56
+1 34
+1 34
+1 30
+1 30
+1 30
+2 30
+1 30
+1 18
+1 18
+1 18
+1 18
+3 18
+33 209
+1 209
+1 209
+2 209
+10 209
+4 201
+3 201
+1 201
+4 201
+9 185
+1 185
+1 185
+2 185
+3 185
+1 181
+1 181
+1 181
+2 181
+2 161
+1 161
+1 161
+2 161
+3 161
+1 160
+1 160
+1 160
+2 160
+2 149
+1 149
+1 149
+2 149
+3 149
+1 143
+1 143
+1 143
+2 143
+3 139
+1 139
+1 139
-1 72
+1 72
+3 2
+1 2
+2 2
+1 2
+1 2
+2 2
+3 2
+1 1
+1 1
+1 1
+2 1
+1 1
+2 1
+1 1
+2 1
+1 1
+1 1
+2 1
+3 1
+1 1
+1 1
+1 1
+2 1
+1 1
+2 1
+1 1
+2 1
+1 1
+1 1
+2 1
+3 1
+1 1
+1 1
+1 1
+2 1
+1 1
+3 1
+1 1
+2 1
+1 1
+19 10
+1 10
+1 10
+5 10
+1 10
-7 12
+1 12
+5 12
+1 12
-6 24
+5 24
+1 24
-1 25
+1 25
+1 51
+2 51
+1 51
+1 38
+2 38
+1 38
+1 17
+3 17
+3 17
+4 17
-7 61
+3 61
+4 61

fl=(133)
fn=(1296)
36 8
cfi=(44)
cfn=(180)
calls=2 +19 
* 4
* 2
+1 6
+7 4
-1 2
cfi=(134) /build/buildd/eglibc-2.19/signal/../sysdeps/unix/sysv/linux/i386/sigaction.c
cfn=(1298) __libc_sigaction
calls=2 +9 
* 290

fl=(89)
fn=(652)
31 4
cfi=(44)
cfn=(180)
calls=2 +24 
* 4
* 2
+4 2
+1 2
+2 2
+1 2
+1 2
+1 2
+1 2
+1 2
+2 2
+3 2

fl=(97)
fn=(758)
96 14
cfi=(44)
cfn=(180)
calls=2 -41 
* 4
* 2
+15 18
cfi=(85)
cfn=(760)
calls=2 1222 
* 54
* 4
+2 8
+11 12
+4 14
cfi=(99)
cfn=(764)
calls=2 -99 
* 50
* 4
+1 12
cfi=(84)
cfn=(766)
calls=2 399 
* 50
+1 2
+1 12

fl=(145) /build/buildd/eglibc-2.19/stdlib/cxa_thread_atexit_impl.c
fn=(1468) __call_tls_dtors
82 5
cfi=(44)
cfn=(180)
calls=1 -27 
* 2
* 1
+1 1
-1 1
+1 2
cob=(1)
cfi=(37)
cfn=(1474)
calls=1 769 
* 19
cob=(1)
cfi=(64)
cfn=(292)
calls=1 -55 
* 1342
* 5
* 2
+3 1
-3 3
+18 6

fl=(46)
fn=(184)
27 2
cfi=(44)
cfn=(180)
calls=1 +28 
* 2
* 1
+4 1
+1 1
+2 1
+1 1
+1 1
+1 1
+1 1
+1 1
+4 1
+3 1

fl=(122) /build/buildd/eglibc-2.19/stdlib/msort.c
fn=(1200) qsort
306 1
+1 10
cfn=(1202) qsort_r
calls=1 166 
* 1742
+1 2

fn=(1204) msort_with_tmp.part.0
40 10
+11 2
-3 2
+1 2
-9 2
cfi=(44)
cfn=(180)
calls=2 +15 
* 4
* 4
+8 2
+3 2
-2 2
-4 2
-5 2
+8 2
+3 2
-6 4
cfn=(1205) msort_with_tmp.part.0'2
calls=1 -5 
* 646
* 8
cfn=(1205)
calls=1 -5 
* 578
+11 2
+1 2
-1 2
+1 2
+1 4
+1 2
+1 2
-1 2
+1 8
+99 7
cfi=(101)
cfn=(778)
calls=1 40 
* 27
* 1
-99 3
+39 1
-39 1
+39 14
+5 6
+1 3
-1 3
+1 18
cfi=(106) /build/buildd/eglibc-2.19/posix/../sysdeps/posix/getaddrinfo.c
cfn=(1206) in6aicmp
calls=3 1786 
* 123
* 9
+12 12
+1 9
-1 3
+1 3
-1 3
+1 45
-1 15
+1 15
-1 15
-18 3
+5 3
-5 4
+59 6
+2 20
cfi=(101)
cfn=(778)
calls=2 40 
* 72
+1 12
-52 3
-1 3
+1 6
-1 9
-45 8
+10 1
+2 1
-1 1
-1 1
+4 1
-14 2
+2 7
cfi=(106)
cfn=(1212) rfc3484_sort
calls=1 1544 
* 1325
* 2

fn=(1205)
40 20
+11 4
-3 4
+1 4
-9 4
cfi=(44)
cfn=(180)
calls=4 +15 
* 8
* 8
+8 4
+3 4
-2 4
-4 4
-5 4
+8 4
+3 4
-6 20
cfn=(1205)
calls=2 -5 
* 508
+11 4
+1 4
-1 4
+1 4
+1 8
+1 4
+1 4
-1 4
+1 20
+99 21
cfi=(101)
cfn=(778)
calls=3 40 
* 96
* 3
-99 12
+39 4
-39 4
+39 29
+5 12
+1 6
-1 6
+1 36
cfi=(106)
cfn=(1206)
calls=6 1786 
* 298
* 18
+9 5
+1 5
-2 5
+1 5
+3 24
+1 18
-1 6
+1 6
-1 6
+1 90
-1 30
+1 30
-1 30
-18 6
+5 6
-5 10
+59 12
+2 40
cfi=(101)
cfn=(778)
calls=4 40 
* 158
+1 24
-52 1
-1 1
+1 2
-1 3

fn=(1202)
166 12
+7 4
-7 2
cfi=(44)
cfn=(180)
calls=2 55 
* 4
* 2
+7 2
-6 8
+8 4
+59 2
+5 2
-4 2
-1 2
+2 4
+1 4
+2 2
+61 12
-16 4
+1 4
+2 4
+2 2
+6 2
45 14
cfn=(1204)
calls=2 -5 
* 3128
299 6
cfi=(73)
cfn=(894)
calls=2 2912 
* 32
* 2
* 2
177 12
-9 4
288 2

fl=(139) /build/buildd/eglibc-2.19/string/../sysdeps/i386/i686/multiarch/strchr-sse2-bsf.S
fn=(1348) __strchr_sse2_bsf
45 2
+1 2
+1 2
+2 2
+1 2
+1 2
+1 2
+2 2
+1 2
+1 2
+3 1
+1 1
+1 1
+1 1
+2 1
+2 1
+2 1
+1 1
+1 1
+1 1
+17 1
+1 1
+8 1
+1 1
+1 1
+1 1
+1 1
+1 1
+1 1
+1 1
+31 1
+1 1
+1 1
+17 2
+1 4

fl=(47)
fn=(186)
36 2
cfi=(44)
cfn=(180)
calls=1 +19 
* 2
* 1
+3 1
+1 1
+3 1
+1 1
+1 1
+1 1
+16 1
+1 1
+2 1

fl=(93)
fn=(726)
30 2
cfi=(44)
cfn=(180)
calls=1 +25 
* 2
* 1
+4 1
+1 1
+2 1
+1 1
+1 1
+1 1
+1 1
+1 1
+2 1
+3 1

fl=(91)
fn=(696)
31 2
cfi=(44)
cfn=(180)
calls=1 +24 
* 2
* 1
+4 1
+1 1
+2 1
+1 1
+1 1
+1 1
+1 1
+1 1
+2 1
+3 1

fl=(106)
fn=(1212)
1544 5
+1 1
-1 1
cfi=(44)
cfn=(180)
calls=1 55 
* 2
* 1
+1 3
+1 1
+2 1
-2 3
+2 3
+1 1
+4 1
-4 1
+4 3
+9 1
+7 1
-7 1
-1 3
cfn=(1214) get_scope
calls=1 1329 
* 36
* 1
+4 1
-1 2
cfn=(1214)
calls=1 1329 
* 37
+5 1
-5 1
+5 2
cfn=(1214)
calls=1 1329 
* 31
+1 2
-1 1
+1 2
cfn=(1214)
calls=1 1329 
* 31
+2 3
+2 2
+8 1
+1 1
-1 2
+1 2
+10 2
-76 5
cfn=(1216) match_prefix
calls=1 -54 
* 268
* 5
cfn=(1216)
calls=1 -54 
* 163
* 2
+92 1
-92 3
cfn=(1216)
calls=1 -54 
* 329
* 5
cfn=(1216)
calls=1 -54 
* 329
+95 3
+2 2
1781 1
-1 1
+1 5
1594 2
+20 5
-42 2

fn=(1216)
1463 20
+4 12
+15 2
+1 2
-1 2
-10 2
+4 2
-4 2
+1 2
+2 2
-1 2
+1 2
-2 2
+4 2
+3 2
-5 2
+1 2
+2 2
-1 4
+10 4
+16 2
-12 4
-14 2
+10 4
+16 2
-12 8
+2 36
-4 9
-1 18
+5 309
+5 107
-2 107
+1 107
-6 214
+12 40
-16 8
+4 16
+18 4
+1 20

fn=(1152) gaiconf_init
1935 5
cfi=(44)
cfn=(180)
calls=1 55 
* 2
* 2
+1 1
+1 1
+1 1
+1 1
+1 1
+6 4
-5 1
+5 1
cfi=(83) /build/buildd/eglibc-2.19/libio/iofopen.c
cfn=(1154) fopen@@GLIBC_2.1
calls=1 102 
* 784
+1 1
-1 1
+1 1
+3 2
cfi=(109)
cfn=(1156)
calls=1 33 
* 11
* 5
cfi=(98)
cfn=(762)
calls=1 33 
* 17
* 2
+9 1
-3 1
+1 1
-13 1
+15 1
-16 1
-1 1
+17 2
+2 1
-2 1
+2 2
+2 7
cfi=(111) /build/buildd/eglibc-2.19/stdio-common/getline.c
cfn=(1160) getline
calls=1 31 
* 723
* 455
cfi=(111)
cfn=(1160)
calls=65 31 
* 17213
+1 132
+4 260
cfi=(113)
cfn=(1168)
calls=65 45 
* 2908
+1 130
+1 128
+3 522
+1 1
-1 4
+4 260
+2 65
+4 130
+4 130
+5 130
+43 130
-74 130
2149 3
cfi=(73)
cfn=(894)
calls=1 2912 
* 144
* 1
+2 3
cfi=(104)
cfn=(1074)
calls=1 40 
* 467
+4 3
+33 1
-3 3
+3 2
+39 1
-3 3
+3 2
+37 2
+3 1
+2 1
-1 1
+1 1
+1 2
cfi=(73)
cfn=(894)
calls=1 2912 
* 16
* 1
+2 1
+1 1
+1 1
-1 1
+1 1
+1 2
cfi=(73)
cfn=(894)
calls=1 2912 
* 16
* 1
+2 1
+1 1
+1 2
+1 2
cfi=(73)
cfn=(894)
calls=1 2912 
* 16
* 1
1813 4
2296 6
1987 130
-10 195

fn=(1250) freeaddrinfo
2665 6
cfi=(44)
cfn=(180)
calls=1 55 
* 2
* 1
+3 2
+3 1
+1 1
-1 1
+1 2
cfi=(73)
cfn=(894)
calls=1 2912 
* 16
* 1
* 1
-1 1
+1 2
cfi=(73)
cfn=(894)
calls=1 2912 
* 16
* 1
+1 4
cfi=(73)
cfn=(894)
calls=2 2912 
* 190
* 2
-5 4
+7 5

fn=(1206)
1786 15
+4 120
cfi=(123) /build/buildd/eglibc-2.19/string/../sysdeps/i386/i686/multiarch/../memcmp.S
cfn=(1208) __GI_memcmp
calls=15 46 
* 546
+1 30

fn=(1144) getaddrinfo
2312 8
cfi=(44)
cfn=(180)
calls=1 55 
* 2
* 3
+3 1
+4 2
+3 4
+7 3
+2 5
+9 2
+7 1
+2 1
-6 1
+1 1
+1 1
+1 1
+3 1
+49 1
-19 4
+24 1
-1 1
+1 2
+3 7
cfn=(1150) gaih_inet
calls=1 275 
* 948
+1 3
+7 5
+2 1
+1 1
-3 2
+2 1
+1 1
-3 3
+12 2
+5 1
-1 1
+1 1
-1 1
+1 4
+8 3
fi=(151) /build/buildd/eglibc-2.19/posix/../nptl/sysdeps/pthread/allocalim.h
28 2
fe=(106)
2453 5
-11 1
+12 3
+3 3
+5 3
+1 7
cfi=(122)
cfn=(1200)
calls=1 306 
* 1755
+5 4
-2 1
-1 1
-28 4
+31 2
-32 2
+32 1
2597 2
2468 1
2597 2
-99 2
+12 4
-1 2
+1 1
-1 2
+1 1
cfi=(115)
cfn=(1198)
calls=1 45 
* 13
+14 1
-11 1
+14 6
cfi=(115)
cfn=(1198)
calls=1 45 
* 13
* 6
cfi=(115)
cfn=(1198)
calls=1 45 
* 13
* 4
+81 6
2468 16
+2 1
+6 1
-4 1
-2 1
+1 1
+1 2
+4 1
-6 1
+6 1
-4 1
-2 1
+1 1
+1 2
+4 4
+13 2
+9 2
-9 2
+1 2
+1 2
+1 2
+6 2
+5 1
+1 3
-1 1
+1 1
cfi=(115)
cfn=(1172)
calls=1 50 
* 11
+9 1
-9 1
+22 1
-22 1
+20 1
+2 2
-41 2
+43 14
cfi=(115)
cfn=(1176)
calls=2 50 
* 22
* 4
+4 6
+3 2
-2 2
+2 6
+6 8
+20 16
+4 2
fi=(124) /build/buildd/eglibc-2.19/posix/../bits/stdlib-bsearch.h
27 4
fe=(106)
2565 6
fi=(124)
29 15
+2 9
+1 3
-1 6
+1 6
+1 12
cfi=(106)
cfn=(1206)
calls=3 1786 
* 158
-2 6
+1 3
-1 6
+1 6
+1 12
cfi=(106)
cfn=(1206)
calls=3 1786 
* 132
+1 18
+2 3
+1 3
fe=(106)
2567 8
+2 6
+1 4
+1 4
+4 7
+8 10
+9 1
-8 5
+8 1
+2 1
-2 2
+24 3
+1 3
cob=(1)
cfi=(1)
cfn=(422)
calls=1 0 
* 2
* 1
+4 1
+2 1
-2 2
+2 1
-2 1
+2 1
+11 10
cfi=(122)
cfn=(1202)
calls=1 166 
* 1544
+3 2
+1 1
-1 1
+1 1
-1 2
+1 4
-1 4
+2 2
-1 1
+1 2
-1 2
+5 1
+2 1
-5 1
+3 1
+2 1
+4 3
cfi=(114)
cfn=(1218)
calls=1 379 
* 19
+2 3
+2 2
+5 7
2383 5
-1 1
+1 1
cfi=(107) /build/buildd/eglibc-2.19/stdlib/strtol.c
cfn=(1146) strtoul
calls=1 107 
* 187
+1 1
-1 1
+1 3
+11 1
-15 1
+78 9
cfi=(114)
cfn=(1170)
calls=1 312 
* 1702
* 4
-27 1
cfn=(1152)
calls=1 1935 
* 25355
* 2

fn=(1150)
275 9
+10 1
-10 1
cfi=(44)
cfn=(180)
calls=1 55 
* 2
* 1
+3 2
+7 1
-8 1
+8 1
-8 1
+8 2
-9 1
+9 3
+5 4
+16 2
+2 2
1274 6
291 2
+20 3
+48 2
+8 4
+2 6
+2 1
+2 1
-4 1
+1 1
+1 1
+2 2
-1 1
+2 1
+33 3
1264 2
+2 2
+2 2
+2 1
+3 1
-3 1
1146 1
404 1
1146 1
-17 4
+56 2
+14 2
-13 2
-1 2
+1 2
+15 8
+12 18
+35 1
+2 2
-2 1
-47 1
+52 1
-52 3
+52 1
-52 2
+3 10
cfi=(73)
cfn=(392)
calls=2 2876 
* 591
* 2
+1 6
-1 2
+1 2
+7 6
+1 4
+1 4
+1 2
+5 2
+6 2
+4 2
-15 2
+1 2
+16 2
-6 2
-10 2
+1 4
+20 4
-5 2
+7 1
-1 1
+1 15
+2 3
281 4
1221 2
+35 4
+3 2
1126 6
+67 2
1092 5
+1 1
-1 1
+1 32
+2 5
+6 3
-9 1
+9 1
+3 1
-1 1
+1 2
+2 1
+3 2
+3 1
-1 1
+1 2
-20 1
281 2
405 1
-1 1
-1 1
-1 1
-1 1
-1 1
-1 1
280 2
1129 4
+59 2
-91 1
+1 1
-1 3
+1 35
406 2

fn=(1214)
1329 12
+2 4
-2 4
cfi=(44)
cfn=(180)
calls=4 55 
* 8
* 4
+2 8
+18 2
+17 2
-17 2
+20 3
-36 4
+2 2
+4 2
-4 8
+3 21
+3 4
+28 3
-13 34
+2 2
+11 6

fl=(82) /build/buildd/eglibc-2.19/libio/iofopen64.c
fn=(456) fopen64
38 2
+1 1
-1 1
cfi=(44)
cfn=(180)
calls=1 +17 
* 2
* 1
+1 5
cfi=(83)
cfn=(458) __fopen_internal
calls=1 +26 
* 1276
+1 3

fl=(48)
fn=(188)
28 2
cfi=(44)
cfn=(180)
calls=1 +27 
* 2
* 1
+4 1
+1 1
+2 1
+1 1
+1 1
+1 1
+1 1
+3 1

fl=(119)
fn=(1190)
102 1
fi=(120) /build/buildd/eglibc-2.19/nscd/nscd-client.h
330 1
fe=(119)
102 2
+2 1
-2 2
cfi=(44)
cfn=(180)
calls=1 -47 
* 2
* 2
+2 3
fi=(120)
330 5
fe=(119)
115 1
+2 2
+12 1
+3 6
-11 6
cfi=(121)
cfn=(1194)
calls=1 283 
* 199
+2 2
+1 2

fl=(44)
fn=(180)
55 1470

fl=(123)
fn=(1208)
46 15
+2 15
+1 15
+1 15
+2 15
+1 15
+18 15
+2 15
+2 15
+2 15
+1 15
+2 15
cfi=(44)
cfn=(180)
calls=15 -25 
* 30
* 30
+1 15
+1 15
+1 15
+19 15
+1 15
+1 15
+1 15
+2 8
+1 8
+1 8
+1 8
+2 8
+1 8
+1 8
+1 8
+2 4
+1 4
+1 4
+1 4
+2 2
+3 2
+1 4
349 13
+1 13
+1 5
+1 5
+1 3
+1 3
+1 3
+1 3
+5 13
+1 13
+1 13
+3 26

fl=(141) /build/buildd/eglibc-2.19/string/../sysdeps/i386/i686/multiarch/strcpy-ssse3.S
fn=(1358) __strncpy_ssse3
76 1
+1 1
+1 1
+2 1
+1 1
+1 1
+2 1
+1 1
+1 1
+1 1
+1 1
+1 1
+1 1
+1 1
+1 1
+1 1
+1 1
+1 1
+1 1
+1 1
+1 1
+1 1
+2 1
+1 1
2993 1
+1 1
+1 1
+1 1
+1 1
+2 1
+1 1
+1 1
+6 2
3781 1
+1 1
+32 1
+1 1
+1 1
+1 1
+1 1
+1 1
+1 1
+1 1
+1 1
+1 1

fl=(57)
fn=(242)
550 5
cfi=(44)
cfn=(180)
calls=1 55 
* 2
* 2
+13 3
+7 2
+2 2
+3 1
-3 1
cfn=(244) handle_intel
calls=1 305 
* 1176
+4 1
-4 1
+4 2
cfn=(244)
calls=1 305 
* 1193
+2 1
-2 1
+2 1
+11 2
+18 4
+7 1
-7 1
+7 3
+9 15
-9 12
+6 4
-6 5
+6 2
+49 4
+75 2
+2 3
+3 2
+1 2
-3 1
+3 1
+1 1
+3 2
+2 1
+1 1
-1 1
+3 1
-3 1
+4 2
+1 1
-1 1
+3 6
-93 5
-45 2
+6 6
+26 3
-75 2
-1 1
+1 1
cfn=(244)
calls=1 305 
* 930
* 2

fn=(244)
305 12
+1 3
-1 3
+1 3
+16 3
-3 6
+1 6
-3 3
+11 6
+12 18
cfn=(246) intel_check_word
calls=3 161 
* 1203
+1 6
+3 15
cfn=(246)
calls=3 161 
* 933
+1 6
+3 15
cfn=(246)
calls=3 161 
* 96
+1 6
+3 15
cfn=(246)
calls=3 161 
* 870
+1 6
-31 4
+6 12
+5 3
-5 9
+5 3
+2 3
+1 3
-1 6
+22 1
+4 1
-4 3
+1 2
+4 15

fn=(246)
161 72
cfi=(44)
cfn=(180)
calls=12 55 
* 24
* 12
+1 12
-1 24
+1 12
+6 96
+2 12
-2 12
+2 51
+2 9
+2 18
-2 21
+2 42
+8 60
+53 66
+21 2
fi=(58) /build/buildd/eglibc-2.19/string/../bits/stdlib-bsearch.h
27 30
+1 120
+3 246
-2 126
+2 126
-2 126
+2 228
fe=(57)
150 114
fi=(58)
32 114
fe=(57)
150 228
fi=(58)
31 82
fe=(57)
150 82
fi=(58)
32 82
fe=(57)
150 164
+3 189
fi=(58)
37 63
-8 63
+8 63
-8 63
fe=(57)
295 26
170 78
-6 10
300 60
-25 28
+14 10
+1 2
+5 2
-5 2
170 8
277 4
+2 4
+2 2
+19 12

fl=(52)
fn=(232)
52 5
cfi=(44)
cfn=(180)
calls=1 +3 
* 2
* 5
+6 3
+14 1
-2 1
+1 1
+1 1
+14 4
cfi=(53) /build/buildd/eglibc-2.19/misc/init-misc.c
cfn=(234) __init_misc
calls=1 -56 
* 96
+13 5
-5 1
cfi=(55)
cfn=(238)
calls=1 -65 
* 25
-29 2
-7 1
+7 3

fl=(147)
fn=(1508)
31 15
cfi=(44)
cfn=(180)
calls=3 +24 
* 6
* 9
+4 12
+4 30
-4 15
+32 12
+4 24
-4 9
+12 6
+1 3
+2 15
-2 3
cfi=(148)
cfn=(1510)
calls=3 -52 
* 75

fl=(105)
fn=(1086)
81 10
cob=(1)
cfi=(1)
cfn=(422)
calls=2 -81 
* 4
* 6
+1 2

fl=(150) /build/buildd/eglibc-2.19/posix/../sysdeps/unix/sysv/linux/i386/_exit.S
fn=(1588) _Exit
24 1
+4 1
+1 1

fl=(83)
fn=(1154)
102 2
+1 1
-1 1
cfi=(44)
cfn=(180)
calls=1 -47 
* 2
* 1
+1 5
cfn=(458)
calls=1 -38 
* 769
+1 3

fn=(482) __fopen_maybe_mmap
40 6
cfi=(44)
cfn=(180)
calls=2 +15 
* 4
* 2
+2 4
+15 4

fn=(458)
65 6
cfi=(44)
cfn=(180)
calls=2 -10 
* 4
* 4
+8 4
cfi=(73)
cfn=(392)
calls=2 2876 
* 510
cob=(1)
cfi=(64)
cfn=(292)
calls=1 -45 
* 695
* 6
+2 2
-2 2
+2 2
+3 4
+3 16
cfi=(84)
cfn=(464)
calls=2 643 
* 136
+4 2
+1 2
-1 2
+1 2
cfi=(85)
cfn=(468)
calls=2 +57 
* 198
+4 16
cfi=(85)
cfn=(472)
calls=2 254 
* 396
* 4
+1 4
cfn=(482)
calls=2 -51 
* 20
+5 8

fl=(128)
fn=(1264) buffered_vfprintf
2323 70
cfi=(44)
cfn=(180)
calls=10 55 
* 20
* 10
+8 100
+10 50
+10 10
+5 20
-21 10
+16 10
+1 20
+4 20
-14 10
+2 10
+2 10
+3 10
+7 10
cfn=(1263) vfprintf'2
calls=10 235 
* 5877
+6 20
-6 10
+6 40
+1 180
+12 50
+2 70
cfi=(85)
cfn=(1270)
calls=10 1281 
* 2044
+1 40
+5 100
+1 20
+2 10
+1 60

fn=(1262)
235 10
+35 10
-35 50
cfi=(44)
cfn=(180)
calls=10 55 
* 20
* 30
+35 10
1295 10
270 30
1295 71
+4 60
+4 20
+1 60
+6 20
-15 18
+18 40
cfn=(1264)
calls=10 2323 
* 8911
2102 70
1303 40

fn=(1263)
235 10
+35 10
-35 50
cfi=(44)
cfn=(180)
calls=10 55 
* 20
* 30
+35 10
1295 10
270 30
1295 70
+4 60
+4 20
+1 60
+6 20
+11 20
fi=(152) /build/buildd/eglibc-2.19/stdio-common/printf-parse.h
108 40
cfi=(129)
cfn=(1266)
calls=10 -74 
* 380
fe=(128)
1336 20
fi=(152)
108 10
fe=(128)
1332 10
+4 10
+4 100
cfi=(84)
cfn=(1268)
calls=10 447 
* 512
* 20
2098 20
+1 30
+2 10
+1 60
1295 20
2102 10
1303 40
+41 30
+4 100
283 10
-6 10
-3 10
1325 10
-8 10
240 20
1396 104
-4 13
+1 13
-18 13
+1 13
+1 13
+1 13
+1 13
+1 13
+1 13
+1 13
+1 13
+1 13
+1 13
+3 13
+1 26
+7 78
1680 26
+8 52
fi=(152)
108 39
cfi=(129)
cfn=(1266)
calls=13 -74 
* 451
fe=(128)
1692 26
-4 13
+4 117
cfi=(84)
cfn=(1268)
calls=13 447 
* 585
* 13
-10 13
+10 65
2091 20
+2 30
+2 30
1660 153
cfi=(84)
cfn=(1268)
calls=3 447 
* 180
* 39
+1 190
-1 6
+32 65
+2 13
-2 13
+2 13
-16 15
-18 30
cfi=(136)
cfn=(1322)
calls=3 165 
* 186
* 108
+1 234
cfi=(84)
cfn=(1268)
calls=10 447 
* 770
* 80

fl=(111)
fn=(1160)
31 132
+1 66
-1 66
cfi=(44)
cfn=(180)
calls=66 +24 
* 132
* 66
+1 462
cfi=(112)
cfn=(1162)
calls=66 +13 
* 16814
+1 198

fl=(53)
fn=(234)
30 6
cfi=(44)
cfn=(180)
calls=1 +25 
* 2
* 1
+1 5
+2 3
cfi=(54) /build/buildd/eglibc-2.19/string/../sysdeps/i386/i686/multiarch/../../strrchr.S
cfn=(236) __GI_strrchr
calls=1 * 
* 66
+1 2
+3 3
+1 3
+2 5

fl=(144)
fn=(1464)
103 2
cfi=(44)
cfn=(180)
calls=1 -48 
* 2
* 2
+1 6
cfn=(1466) __run_exit_handlers
calls=1 -69 
* 6181

fn=(1466)
35 5
cfi=(44)
cfn=(180)
calls=1 +20 
* 2
* 6
+5 1
cfi=(145)
cfn=(1468)
calls=1 +42 
* 1390
* 1
+6 6
+4 3
-4 3
+4 3
+4 1
-1 1
-1 1
+2 4
+33 1
+1 1
-1 1
+1 1
+6 2
+1 5
cfi=(84)
cfn=(1584)
calls=1 1010 
* 144
* 3
+2 2
cfi=(150)
cfn=(1588)
calls=1 -73 
* 3
-17 1
+2 2
-2 2
+2 2
cob=(1)
cfi=(146)
cfn=(1476)
calls=1 +49 
* 4583
+1 1

fl=(54)
fn=(236)
33 1
+3 1
+3 1
+1 1
+2 1
+6 1
+1 1
+1 1
+1 1
+13 1
+1 1
+1 1
+1 1
+1 1
+2 1
+1 1
+1 1
+2 1
+1 1
+79 1
+1 1
+1 1
+1 1
+1 1
+8 1
+1 1
+1 1
+3 1
+2 1
+1 1
+1 1
+11 1
-13 1
+1 1
+1 1
+11 1
+4 1
+3 1
+1 1
+4 1
+6 1
+2 1
+1 1
+3 1
+1 1
+1 1
+1 1
+2 1
+85 1
+1 1
+2 1
+1 1
+2 1
+1 1
+2 1
+1 1
+2 1
+1 1
+1 1
+2 1
+1 1
+2 1
+1 1
+3 1
+3 1
+4 1

fl=(92) /build/buildd/eglibc-2.19/string/../sysdeps/i386/i686/multiarch/memcpy-ssse3.S
fn=(698) __memcpy_ssse3
100 4
+1 4
+1 4
+1 4
+19 4
+1 4
+4 4
+1 4
+2 2
+1 4
cfi=(44)
cfn=(180)
calls=2 -76 
* 4
* 6
+5 2
cfi=(44)
cfn=(180)
calls=2 -81 
* 4
* 6
2006 1
+1 1
+6 1
+3 2
+91 1
+1 1
+1 1
+1 1
+5 1
+3 2
2701 1
+1 1
+2 1
+1 1
+2 1
+6 2
2846 1
+1 1
+2 1
+1 1
+1 1
+1 1
+2 1
+6 2

fl=(107)
fn=(1146)
107 1
+1 1
-1 1
cfi=(44)
cfn=(180)
calls=1 -52 
* 2
* 2
+1 11
cfi=(108)
cfn=(1148)
calls=1 232 
* 166
+1 3

fl=(115)
fn=(1188)
45 3
+1 3
+4 3
+3 3
+3 3
+1 3
+3 3
cob=(1)
cfi=(1)
cfn=(422)
calls=3 -60 
* 6
+3 3
+4 3
+1 3
+3 3

fn=(1198)
45 4
+1 4
+4 4
+3 4
+3 4
+1 4
+3 4
cob=(1)
cfi=(1)
cfn=(422)
calls=4 -60 
* 8
+3 4
+4 4
+1 4
+3 3
+45 1
cfi=(110)
cfn=(1158)
calls=1 -33 
* 2
* 7

fn=(1172)
50 4
+3 4
+3 4
+1 4
+3 4
cob=(1)
cfi=(1)
cfn=(422)
calls=4 -60 
* 8
+3 4
+4 4
+1 4
+3 4

fn=(1176)
50 3
+3 3
+3 3
+1 3
+3 3
cob=(1)
cfi=(1)
cfn=(422)
calls=3 -60 
* 6
+3 3
+4 3
+1 3
+3 3

fn=(1186)
45 1
+1 1
+4 1
+3 1
+3 1
+1 1
+3 1
cob=(1)
cfi=(1)
cfn=(422)
calls=1 -60 
* 2
+3 1
+4 1
+1 1
+3 1

fn=(1244) listen
50 1
+3 1
+3 1
+1 1
+3 1
cob=(1)
cfi=(1)
cfn=(422)
calls=1 -60 
* 2
+3 1
+4 1
+1 1
+3 1

fn=(1174)
50 2
+3 2
+3 2
+1 2
+3 2
cob=(1)
cfi=(1)
cfn=(422)
calls=2 -60 
* 4
+3 2
+4 2
+1 2
+3 2

fn=(1228) setsockopt
50 1
+3 1
+3 1
+1 1
+3 1
cob=(1)
cfi=(1)
cfn=(422)
calls=1 -60 
* 2
+3 1
+4 1
+1 1
+3 1

fn=(1366) sendmsg
45 2
+1 2
+4 2
+3 2
+3 2
+1 2
+3 2
cob=(1)
cfi=(1)
cfn=(422)
calls=2 -60 
* 4
+3 2
+4 2
+1 2
+3 2

fn=(1306) socketpair
50 2
+3 2
+3 2
+1 2
+3 2
cob=(1)
cfi=(1)
cfn=(422)
calls=2 -60 
* 4
+3 2
+4 2
+1 2
+3 2

fl=(134)
fn=(1298)
52 2
+22 2
-22 12
cfi=(44)
cfn=(180)
calls=2 +3 
* 4
* 4
+5 4
+4 2
-2 2
+2 4
+2 2
-2 2
-2 2
+1 2
+3 2
-2 66
-1 2
+3 4
+11 20
cob=(1)
cfi=(1)
cfn=(422)
calls=2 -74 
* 4
* 6
+4 8
+2 2
+1 6
-1 2
+1 86
+1 4
+1 4
+3 12
-21 4
+3 2
-3 2
+3 6
-1 4

fl=(66) /build/buildd/eglibc-2.19/stdlib/getenv.c
fn=(298) getenv
35 6
cfi=(44)
cfn=(180)
calls=1 +20 
* 2
* 2
+1 2
cfi=(67)
cfn=(300)
calls=1 +7 
* 59
* 1
+4 7
+3 2
+30 1
+1 1
+2 1
-8 1
+5 1
+3 1
-3 1
+3 104
+9 50
+7 7

ob=(7)
fl=(68)
fn=(352)
0 6

fn=(1480)
0 6
cfn=(1484) 0x08048fe0
calls=1 0 
0 5
0 3

fn=(360) 0x08049070
0 13

fn=(336)
0 13
cob=(3)
cfi=(69)
cfn=(344)
calls=1 133 
0 204800
cob=(1)
cfi=(64)
cfn=(292)
calls=1 28 
0 1151
0 5

fn=(350)
0 6
cfn=(352)
calls=1 0 
0 2
0 5
cob=(2)
cfi=(16)
cfn=(354)
calls=1 0 
0 12
0 12
cfn=(360)
calls=1 0 
0 13
0 9

fn=(1484)
0 5

fl=(72)
fn=(1300) launch_svc
100 10
+3 76
+4 6
+1 6
cob=(3)
cfi=(126)
cfn=(1256)
calls=1 +51 
* 2349
* 1
* 1
+2 4
cob=(3)
cfi=(126)
cfn=(1256)
calls=1 +49 
* 1879
* 1
+2 12
cob=(6)
cfi=(63)
cfn=(1106) NCONF_get_string
calls=2 0 
* 888
* 2
* 6
+3 12
cob=(3)
cfi=(115)
cfn=(1306)
calls=2 -65 
* 22
cob=(1)
cfi=(64)
cfn=(292)
calls=1 -87 
* 1014
* 6
* 4
+3 2
cob=(3)
cfi=(135)
cfn=(1312)
calls=2 -64 
* 432
cob=(1)
cfi=(64)
cfn=(292)
calls=1 -90 
* 916
* 6
* 14
+8 12
cob=(3)
cfi=(126)
cfn=(1256)
calls=2 +33 
* 4438
* 2
+1 6
cob=(3)
cfi=(86)
cfn=(1328)
calls=2 -46 
* 24
cob=(1)
cfi=(64)
cfn=(292)
calls=1 -99 
* 947
* 6
+1 6
+1 6
+1 4
+48 10

fn=(1138) start_server
211 4
+1 39
+2 1
+2 1
+1 1
+1 1
+2 8
cob=(3)
cfi=(106)
cfn=(1144)
calls=1 2312 
* 32424
cob=(1)
cfi=(64)
cfn=(292)
calls=1 28 
* 1030
* 5
* 3
+2 10
cob=(3)
cfi=(115)
cfn=(1172)
calls=1 50 
* 11
cob=(1)
cfi=(64)
cfn=(292)
calls=1 28 
* 954
* 5
* 3
+2 8
cob=(3)
cfi=(115)
cfn=(1228)
calls=1 50 
* 11
cob=(1)
cfi=(64)
cfn=(292)
calls=1 28 
* 1007
* 5
* 2
+2 5
cob=(3)
cfi=(125)
cfn=(1234)
calls=1 44 
* 27
cob=(1)
cfi=(64)
cfn=(292)
calls=1 28 
* 947
* 5
* 2
+2 9
cob=(3)
cfi=(115)
cfn=(1174)
calls=1 50 
* 11
cob=(1)
cfi=(64)
cfn=(292)
calls=1 28 
* 933
* 5
* 2
+2 4
cob=(3)
cfi=(115)
cfn=(1244)
calls=1 50 
* 11
cob=(1)
cfi=(64)
cfn=(292)
calls=1 28 
* 947
* 5
* 2
+2 3
cob=(3)
cfi=(106)
cfn=(1250)
calls=1 2665 
* 259
cob=(1)
cfi=(64)
cfn=(292)
calls=1 28 
* 1061
* 5
+2 1
+1 4

fn=(370)
34 5
+1 1
+2 1
+10 2
+2 2
cob=(6)
cfi=(63)
cfn=(376) NCONF_new
calls=1 -49 
* 71487
cob=(1)
cfi=(64)
cfn=(292)
calls=1 -21 
* 878
* 5
* 1
+1 7
cob=(6)
cfi=(63)
cfn=(444) NCONF_load
calls=1 -50 
* 47308
cob=(1)
cfi=(64)
cfn=(292)
calls=1 -22 
* 901
* 5
* 2
+9 5
cob=(6)
cfi=(63)
cfn=(1106)
calls=1 -59 
* 399
cob=(1)
cfi=(64)
cfn=(292)
calls=1 -31 
* 983
* 5
* 3
+2 3
cfn=(1138)
calls=1 211 
* 39781
* 1
+1 4
cob=(3)
cfi=(126)
cfn=(1256)
calls=1 +97 
* 2019
cob=(1)
cfi=(64)
cfn=(292)
calls=1 -34 
* 940
* 5
+1 3
cob=(3)
cfi=(131)
cfn=(1292)
calls=1 -31 
* 237
cob=(1)
cfi=(64)
cfn=(292)
calls=1 -35 
* 946
* 5
+1 3
cob=(3)
cfi=(131)
cfn=(1292)
calls=1 -32 
* 237
* 1
+3 4
cfn=(1300)
calls=1 +33 
* 7706
* 1
+2 5
cob=(6)
cfi=(63)
cfn=(1106)
calls=1 -69 
* 499
* 1
* 3
+1 8
cob=(6)
cfi=(63)
cfn=(1334) CONF_parse_list
calls=1 -70 
* 8692
cob=(1)
cfi=(64)
cfn=(292)
calls=1 -42 
* 968
* 5
+3 7
cfi=(142) /home/httpd/lab/http.c
cfn=(1360) sendfd
calls=1 506 
* 1064
* 2
+2 3
cob=(3)
cfi=(86)
cfn=(1328)
calls=1 +6 
* 12
* 1
+3 2
+2 8
cob=(6)
cfi=(63)
cfn=(1106)
calls=1 -80 
* 510
* 1
* 1
+1 2
+2 5
cob=(3)
cfi=(90)
cfn=(654)
calls=1 -41 
* 19
cob=(1)
cfi=(64)
cfn=(292)
calls=1 -55 
* 965
* 5
* 8
cfi=(142)
cfn=(1360)
calls=1 506 
* 91
+1 4
cob=(3)
cfi=(86)
cfn=(1328)
calls=1 -3 
* 12
* 1
-6 7
+8 3
cob=(3)
cfi=(86)
cfn=(1328)
calls=1 -5 
* 12
* 1
+3 5
cob=(6)
cfi=(63)
cfn=(1106)
calls=1 -89 
* 515
* 1
* 3
+1 8
cob=(6)
cfi=(63)
cfn=(1334)
calls=1 -90 
* 79
* 1
+2 3
cob=(6)
cfi=(63)
cfn=(1376) NCONF_free
calls=1 -92 
* 9052
cob=(1)
cfi=(64)
cfn=(292)
calls=1 -64 
* 901
* 5
+3 6
cob=(3)
cfi=(143)
cfn=(1456)
calls=1 -14 
* 23
cob=(1)
cfi=(64)
cfn=(292)
calls=1 -67 
* 961
* 5
* 1
+1 3

fn=(1350) service_parse_cb
181 6
+1 4
+2 10
cob=(3)
cfi=(141)
cfn=(1358)
calls=1 76 
* 46
cob=(1)
cfi=(64)
cfn=(292)
calls=1 28 
* 991
* 5
+1 7
+1 7
cfn=(1300)
calls=1 -86 
* 5424
+2 2
+1 4

fl=(142)
fn=(1360)
506 8
+1 8
+2 4
+2 4
+1 4
+1 4
+1 8
+1 70
+1 4
+1 2
+1 4
+1 6
+1 12
cob=(3)
cfi=(115)
cfn=(1366)
calls=2 45 
* 26
cob=(1)
cfi=(64)
cfn=(292)
calls=1 28 
* 969
* 6
* 2
+1 4
+2 2
+1 8

ob=(6)
fl=(63)
fn=(430) 0x00109810
0 2
cfn=(380) 0x000388a4
calls=1 0 
0 2
0 10

fn=(496) CRYPTO_lock
0 70
cfn=(278)
calls=14 0 
0 28
0 140

fn=(516) 0x0003a460
0 5
cfn=(278)
calls=1 0 
0 2
0 8
cfn=(496)
calls=1 0 
0 17
0 8
cfn=(496)
calls=1 0 
0 17
0 11
cfn=(524) lh_new
calls=1 0 
0 594
0 6

fn=(592) BIO_clear_flags
0 5

fn=(1000) sk_push
0 24
cfn=(278)
calls=6 0 
0 12
0 42
cfn=(1002) sk_insert
calls=6 0 
0 180
0 18

fn=(1002)
0 42
cfn=(278)
calls=6 0 
0 12
0 126

fn=(1378) 0x00109f50
0 6
cfn=(278)
calls=1 0 
0 2
0 5
cfn=(1384) 0x001096a0
calls=1 0 
0 8902
0 2
cfn=(892) CRYPTO_free
calls=1 0 
0 121
0 5

fn=(1384)
0 5
cfn=(278)
calls=1 0 
0 2
0 12
cfn=(1392) lh_doall_arg
calls=1 0 
0 3315
0 5
cfn=(1406) lh_doall
calls=1 0 
0 4651
0 3
cfn=(1444) lh_free
calls=1 0 
0 905
0 4

fn=(1540) 0x00037b50
0 4
cfn=(278)
calls=1 0 
0 2
0 11

fn=(322)
0 4
cfn=(278)
calls=1 0 
0 2
0 19
cfn=(278)
calls=1 0 
0 2
0 9

fn=(444)
0 4
cfn=(278)
calls=1 0 
0 2
0 10
cfn=(446) 0x0010aa40
calls=1 0 
0 47289
0 3

fn=(510) 0x0003a500
0 12
cfn=(278)
calls=2 0 
0 4
0 24
cfn=(496)
calls=2 0 
0 34
0 10
cfn=(538) lh_retrieve
calls=2 0 
0 119
0 16
cfn=(496)
calls=2 0 
0 34
0 15
cfn=(516)
calls=1 0 
0 668
0 6
cfn=(386) CRYPTO_malloc
calls=1 0 
0 234
0 6
cfn=(560) sk_new_null
calls=1 0 
0 524
0 7
cfn=(568) lh_insert
calls=1 0 
0 318
0 1

fn=(562) sk_new
0 30
cfn=(278)
calls=5 0 
0 10
0 35
cfn=(386)
calls=5 0 
0 1170
0 35
cfn=(386)
calls=5 0 
0 1170
0 115

fn=(892)
0 189
cfn=(278)
calls=63 0 
0 126
0 504
cob=(3)
cfi=(73)
cfn=(894)
calls=63 2912 
0 6445
0 441

fn=(1118) 0x00109390
0 84
cfn=(278)
calls=12 0 
0 24
0 78
cob=(3)
cfi=(103)
cfn=(990)
calls=6 233 
0 271
0 6
0 132
cob=(3)
cfi=(103)
cfn=(990)
calls=12 233 
0 498
0 12
0 60

fn=(1394) 0x00109360
0 40
cfn=(278)
calls=10 0 
0 20
0 64
cfn=(1400) lh_delete
calls=6 0 
0 2987
0 30

fn=(284)
0 4
cfn=(278)
calls=1 0 
0 2
0 9
cob=(3)
cfi=(66)
cfn=(298)
calls=1 35 
0 249
cob=(1)
cfi=(64)
cfn=(292)
calls=1 28 
0 987
0 5
0 12
cfn=(302) 0x0003b8c0
calls=1 0 
0 68
0 1

fn=(382) 0x00109970
0 3
cfn=(278)
calls=1 0 
0 2
0 7
cfn=(386)
calls=1 0 
0 71423
0 6
cfn=(430)
calls=1 0 
0 14
0 7

fn=(388) 0x000388b0
0 138
cfn=(278)
calls=69 0 
0 138
0 345
cob=(3)
cfi=(73)
cfn=(392)
calls=69 2876 
0 83223
0 207

fn=(542) 0x0003a330
0 9

fn=(590) 0x000a8a20
0 7

fn=(674) 0x00109710
0 24
cfn=(278)
calls=4 0 
0 8
0 12
cfn=(560)
calls=4 0 
0 2096
0 32
cfn=(386)
calls=4 0 
0 663
0 24
cob=(3)
cfi=(90)
cfn=(654)
calls=4 42 
0 76
0 4
0 24
cfn=(386)
calls=4 0 
0 663
0 36
cob=(3)
cfi=(92)
cfn=(698)
calls=4 100 
0 88
cob=(1)
cfi=(64)
cfn=(292)
calls=1 28 
0 973
0 8
0 28
cfn=(568)
calls=4 0 
0 1854
0 36

fn=(720) BUF_MEM_grow
0 184
cfn=(278)
calls=23 0 
0 46
0 332
cob=(3)
cfi=(94)
cfn=(728)
calls=10 90 
0 287
cob=(1)
cfi=(64)
cfn=(292)
calls=1 28 
0 965
0 14
0 244
cfn=(386)
calls=10 0 
0 2327
0 20

fn=(736) 0x000a8a50
0 84
cfn=(278)
calls=14 0 
0 28
0 112
cob=(3)
cfi=(95)
cfn=(744)
calls=14 35 
0 4046
cob=(1)
cfi=(64)
cfn=(292)
calls=1 28 
0 939
0 18
0 94
cob=(3)
cfi=(90)
cfn=(654)
calls=13 42 
0 368
0 13
0 56

fn=(1040) CRYPTO_free_ex_data
0 2
cfn=(278)
calls=1 0 
0 2
0 12
cfn=(1042) 0x0003ac70
calls=1 0 
0 225
0 3

fn=(1048) 0x0003a340
0 5

fn=(1434) sk_free
0 20
cfn=(278)
calls=4 0 
0 8
0 32
cfn=(892)
calls=4 0 
0 484
0 8
cfn=(892)
calls=4 0 
0 484
0 16

fn=(446)
0 4
cfn=(278)
calls=1 0 
0 2
0 7
cfn=(450) BIO_new_file
calls=1 0 
0 4781
0 9
cfn=(630) 0x00109fe0
calls=1 0 
0 39772
0 3
cfn=(1036) BIO_free
calls=1 0 
0 2705
0 6

fn=(560)
0 10
cfn=(278)
calls=5 0 
0 10
0 20
cfn=(562)
calls=5 0 
0 2565
0 15

fn=(1108) 0x00109570
0 42
cfn=(278)
calls=6 0 
0 12
0 102
cfn=(538)
calls=6 0 
0 2457
0 54

fn=(302)
0 68

fn=(376)
0 4
cfn=(278)
calls=1 0 
0 2
0 5
cfn=(382)
calls=1 0 
0 71462
0 6
cfn=(378) NCONF_default
calls=1 0 
0 6
0 2

fn=(378)
0 1
cfn=(380)
calls=1 0 
0 2
0 3

fn=(386)
0 483
cfn=(278)
calls=69 0 
0 138
0 897
cfn=(388)
calls=69 0 
0 84051
0 621

fn=(486) BIO_new
0 4
cfn=(278)
calls=1 0 
0 2
0 7
cfn=(386)
calls=1 0 
0 226
0 7
cfn=(488) BIO_set
calls=1 0 
0 2110
0 8

fn=(734) BIO_gets
0 98
cfn=(278)
calls=14 0 
0 28
0 308
cfn=(736)
calls=14 0 
0 5758
0 112

fn=(906) 0x00109440
0 12
cfn=(278)
calls=3 0 
0 6
0 39
cfn=(538)
calls=3 0 
0 589
0 9

fn=(1036)
0 6
cfn=(278)
calls=1 0 
0 2
0 11
cfn=(1038) CRYPTO_add_lock
calls=1 0 
0 72
0 15
cfn=(1040)
calls=1 0 
0 244
0 8
cfn=(612) 0x000a8aa0
calls=1 0 
0 2180
0 2
cfn=(892)
calls=1 0 
0 164
0 1

fn=(1038)
0 5
cfn=(278)
calls=1 0 
0 2
0 14
cfn=(496)
calls=1 0 
0 17
0 10
cfn=(496)
calls=1 0 
0 17
0 7

fn=(1418) sk_value
0 78

fn=(488)
0 7
cfn=(278)
calls=1 0 
0 2
0 21
cfn=(490) CRYPTO_new_ex_data
calls=1 0 
0 2059
0 5
cfn=(590)
calls=1 0 
0 7
0 9

fn=(594) BIO_ctrl
0 7
cfn=(278)
calls=1 0 
0 2
0 20
cfn=(596) 0x000a8b10
calls=1 0 
0 68
0 6

fn=(612)
0 10
cfn=(278)
calls=2 0 
0 4
0 37
cob=(3)
cfi=(104)
cfn=(1074)
calls=1 40 
0 1181
cob=(1)
cfi=(64)
cfn=(292)
calls=1 28 
0 963
0 5
0 3

fn=(1106)
0 36
cfn=(278)
calls=6 0 
0 12
0 48
cfn=(1108)
calls=6 0 
0 2667
0 48

fn=(278)
0 898

fn=(450)
0 6
cfn=(278)
calls=1 0 
0 2
0 6
cob=(3)
cfi=(82)
cfn=(456)
calls=1 38 
0 1291
cob=(1)
cfi=(64)
cfn=(292)
calls=1 28 
0 969
0 5
0 4
cfn=(484) BIO_s_file
calls=1 0 
0 6
0 2
cfn=(486)
calls=1 0 
0 2364
0 6
cfn=(592)
calls=1 0 
0 5
0 5
cfn=(594)
calls=1 0 
0 103
0 7

fn=(506) 0x0003b090
0 5
cfn=(278)
calls=1 0 
0 2
0 4
cfn=(510)
calls=1 0 
0 1890
0 15
cfn=(496)
calls=1 0 
0 17
0 3
cfn=(582) sk_num
calls=1 0 
0 5
0 9
cfn=(496)
calls=1 0 
0 17
0 8

fn=(862) 0x001099d0
0 45
cfn=(278)
calls=9 0 
0 18
0 54
cfn=(634) BUF_MEM_new
calls=9 0 
0 2295
0 63
cob=(3)
cfi=(90)
cfn=(654)
calls=9 42 
0 171
0 9
0 36
cfn=(720)
calls=9 0 
0 2803
0 434
cfn=(892)
calls=3 0 
0 345
0 54
cfn=(892)
calls=9 0 
0 1053
0 1037

fn=(1042)
0 5
cfn=(278)
calls=1 0 
0 2
0 4
cfn=(510)
calls=1 0 
0 142
0 11
cfn=(496)
calls=1 0 
0 17
0 3
cfn=(582)
calls=1 0 
0 5
0 15
cfn=(496)
calls=1 0 
0 17
0 4

fn=(1408) 0x001092b0
0 28
cfn=(278)
calls=4 0 
0 8
0 28
cfn=(582)
calls=4 0 
0 20
0 27
cfn=(1418)
calls=3 0 
0 39
0 12
cfn=(1418)
calls=3 0 
0 39
0 24
cfn=(892)
calls=6 0 
0 726
0 18
cfn=(892)
calls=6 0 
0 726
0 12
cfn=(892)
calls=6 0 
0 726
0 28
cfn=(1434)
calls=4 0 
0 1052
0 16
cfn=(892)
calls=4 0 
0 484
0 12
cfn=(892)
calls=4 0 
0 484
0 24

fn=(1444)
0 7
cfn=(278)
calls=1 0 
0 2
0 47
cfn=(892)
calls=2 0 
0 242
0 6
cfn=(892)
calls=2 0 
0 242
0 36
cfn=(892)
calls=1 0 
0 151
0 2
cfn=(892)
calls=1 0 
0 164
0 6

fn=(1526)
0 4
cfn=(278)
calls=1 0 
0 2
0 10
cob=(3)
cfi=(147)
cfn=(1508)
calls=1 31 
0 78
cob=(1)
cfi=(64)
cfn=(292)
calls=1 28 
0 1089
0 5
0 1
cfn=(1540)
calls=1 0 
0 17
0 5

fn=(484)
0 1
cfn=(380)
calls=1 0 
0 2
0 3

fn=(490)
0 2
cfn=(278)
calls=1 0 
0 2
0 12
cfn=(506)
calls=1 0 
0 1975
0 4
cfn=(492) 0x0003a350
calls=1 0 
0 62
0 2

fn=(568)
0 88
cfn=(278)
calls=11 0 
0 22
0 143
cfn=(540) 0x000b0e60
calls=11 0 
0 2296
0 165
cfn=(386)
calls=11 0 
0 2028
0 132

fn=(582)
0 30

fn=(596)
0 12
cfn=(278)
calls=1 0 
0 2
0 15
cfn=(612)
calls=1 0 
0 23
0 16

fn=(634)
0 30
cfn=(278)
calls=10 0 
0 20
0 70
cfn=(386)
calls=10 0 
0 2340
0 90

fn=(644) BUF_strlcpy
0 49
cfn=(278)
calls=7 0 
0 14
0 495
cob=(3)
cfi=(90)
cfn=(654)
calls=7 42 
0 138
cob=(1)
cfi=(64)
cfn=(292)
calls=1 28 
0 965
0 11
0 49

fn=(658) 0x00109640
0 5
cfn=(278)
calls=1 0 
0 2
0 16
cfn=(524)
calls=1 0 
0 594
0 5

fn=(996) 0x001094d0
0 42
cfn=(278)
calls=6 0 
0 12
0 48
cfn=(1000)
calls=6 0 
0 276
0 96
cfn=(568)
calls=6 0 
0 2702
0 18

fn=(1022) BUF_MEM_free
0 5
cfn=(278)
calls=1 0 
0 2
0 11
cob=(3)
cfi=(94)
cfn=(728)
calls=1 90 
0 100
0 1
0 3
cfn=(892)
calls=1 0 
0 153
0 2
cfn=(892)
calls=1 0 
0 115
0 4

fn=(492)
0 3
cfn=(278)
calls=1 0 
0 2
0 8
cfn=(496)
calls=1 0 
0 17
0 8
cfn=(496)
calls=1 0 
0 17
0 7

fn=(524)
0 10
cfn=(278)
calls=2 0 
0 4
0 16
cfn=(386)
calls=2 0 
0 452
0 14
cfn=(386)
calls=2 0 
0 452
0 240

fn=(538)
0 99
cfn=(540)
calls=11 0 
0 2978
0 88

fn=(540)
0 224
cfn=(702) 0x00109400
calls=25 0 
0 4965
cfn=(542)
calls=3 0 
0 9
0 739
cfn=(1118)
calls=12 0 
0 1165
cfn=(1048)
calls=1 0 
0 5
0 194

fn=(630)
0 7
cfn=(278)
calls=1 0 
0 2
0 13
cfn=(634)
calls=1 0 
0 255
0 9
cfn=(386)
calls=1 0 
0 234
0 8
cfn=(644)
calls=1 0 
0 1099
0 3
cfn=(658)
calls=1 0 
0 622
0 16
cfn=(674)
calls=1 0 
0 2531
0 14
cfn=(720)
calls=1 0 
0 1330
0 65
cfn=(720)
calls=13 0 
0 286
0 154
cfn=(734)
calls=14 0 
0 6304
0 42
cob=(3)
cfi=(90)
cfn=(654)
calls=14 42 
0 387
0 14
0 1310
cfn=(846) 0x00109f90
calls=3 0 
0 179
0 48
cfn=(846)
calls=6 0 
0 310
0 489
cfn=(386)
calls=6 0 
0 1404
0 54
cob=(3)
cfi=(90)
cfn=(654)
calls=6 42 
0 114
0 6
0 36
cfn=(386)
calls=6 0 
0 1404
0 42
cob=(3)
cfi=(90)
cfn=(654)
calls=6 42 
0 114
0 6
0 36
cfn=(644)
calls=6 0 
0 622
0 42
cfn=(862)
calls=6 0 
0 5273
0 36
cob=(3)
cfi=(103)
cfn=(990)
calls=6 233 
0 271
cob=(1)
cfi=(64)
cfn=(292)
calls=1 28 
0 973
0 10
0 48
cfn=(996)
calls=6 0 
0 3194
0 1840
cfn=(862)
calls=3 0 
0 3144
0 21
cfn=(906)
calls=3 0 
0 655
0 24
cfn=(674)
calls=3 0 
0 4118
0 34
cfn=(1022)
calls=1 0 
0 396
0 7
cfn=(892)
calls=1 0 
0 115
0 2

fn=(1400)
0 36
cfn=(278)
calls=6 0 
0 12
0 48
cfn=(540)
calls=6 0 
0 2027
0 48
cfn=(892)
calls=6 0 
0 726
0 90

fn=(702)
0 150
cfn=(278)
calls=25 0 
0 50
0 100
cfn=(706) lh_strhash
calls=25 0 
0 2634
0 100
cfn=(706)
calls=25 0 
0 1731
0 200

fn=(1334)
0 14
cfn=(278)
calls=2 0 
0 4
0 23
cob=(3)
cfi=(137)
cfn=(1340)
calls=1 33 
0 7
cob=(1)
cfi=(64)
cfn=(292)
calls=1 28 
0 1052
0 5
0 14
cob=(3)
cfi=(139)
cfn=(1348)
calls=2 45 
0 49
cob=(1)
cfi=(64)
cfn=(292)
calls=1 28 
0 1004
0 6
0 16
cob=(3)
cfi=(137)
cfn=(1340)
calls=1 33 
0 7
0 1
0 12
cob=(7)
cfi=(72)
cfn=(1350)
calls=1 181 
0 6498
0 11
cob=(7)
cfi=(72)
cfn=(1350)
calls=1 181 
0 8
0 4
cob=(3)
cfi=(90)
cfn=(654)
calls=1 42 
0 19
0 1
0 16

fn=(1376)
0 7
cfn=(1378)
calls=1 0 
0 9043
0 2

fn=(380)
0 6

fn=(706)
0 4365

fn=(846)
0 489

fn=(1392)
0 100
cfn=(1394)
calls=5 0 
0 1453
0 25
cfn=(1394)
calls=5 0 
0 1688
0 49

fn=(1406)
0 73
cfn=(1408)
calls=2 0 
0 2658
0 8
cfn=(1408)
calls=2 0 
0 1875
0 37

ob=(5)
fl=(60)
fn=(254)
66 16

fl=(149)
fn=(1552)
209 2
cfi=(60)
cfn=(254)
calls=1 66 
* 2
* 2
+1 3
cfn=(1554) check_free
calls=1 -23 
* 20
+1 3

fn=(1554)
187 6
+1 1
-1 1
cfi=(60)
cfn=(254)
calls=1 66 
* 2
* 1
+1 3
+15 6

fl=(61)
fn=(1572) 0x00000b10
0 4
cfi=(60)
cfn=(254)
calls=1 66 
0 2
0 11

fn=(260)
0 4
cfi=(60)
cfn=(254)
calls=1 66 
0 2
0 19
cfi=(60)
cfn=(254)
calls=1 66 
0 2
0 9

fn=(274) 0x00001840
0 2

fn=(1556)
0 4
cfi=(60)
cfn=(254)
calls=1 66 
0 2
0 10
cob=(3)
cfi=(147)
cfn=(1508)
calls=1 31 
0 78
cob=(1)
cfi=(64)
cfn=(292)
calls=1 28 
0 1089
0 5
0 1
cfn=(1572)
calls=1 0 
0 17
0 5

fl=(62)
fn=(272)
28 1
cfi=(61)
cfn=(274)
calls=1 -28 
* 2
* 1
+1 2
+1 3

totals: 565629
